1
0 679704.77899
1 126976.84135
2 10365.90086
3 10203.25338
4 10193.54814
5 10148.30023
6 10148.30023
7 10148.30023
8 10136.87466
9 10136.87466
10136.87466 55.21749
2
0 708904.33774
1 142287.09033
2 10558.42293
3 10336.31446
4 10222.70209
5 10173.93263
6 10133.30065
7 10133.30065
8 10133.30065
9 10127.77482
10127.77482 50.96312
3
0 669974.34066
1 64894.52097
2 10369.24081
3 10315.76900
4 10249.51825
5 10145.38526
6 10119.08634
7 10119.08634
8 10119.08634
9 10119.08634
10119.08634 50.03334
10127.91194 7.26270 52.07132 0.38111%
