1
0 897206.12500
1 883007.97500
2 879704.83750
3 879704.83750
4 868860.17500
5 868860.17500
6 868860.17500
7 868860.17500
8 868860.17500
9 868860.17500
10 868860.17500
11 868860.17500
12 868860.17500
13 868860.17500
14 868860.17500
15 868860.17500
16 868860.17500
17 868860.17500
18 868860.17500
19 868860.17500
20 868860.17500
21 868860.17500
22 861841.36250
23 861841.36250
24 861841.36250
25 861841.36250
26 861841.36250
27 861841.36250
28 861841.36250
29 861841.36250
30 861841.36250
31 861841.36250
32 861841.36250
33 861841.36250
34 861841.36250
35 861841.36250
36 861841.36250
37 859161.52500
38 859161.52500
39 859161.52500
40 859161.52500
41 859161.52500
42 859161.52500
43 858749.45000
44 858749.45000
45 857380.85000
46 857380.85000
47 857271.96250
48 857271.96250
49 857271.96250
50 857271.96250
51 857271.96250
52 857271.96250
53 857271.96250
54 857271.96250
55 857271.96250
56 857271.96250
57 857271.96250
58 857271.96250
59 857271.96250
60 855466.85000
61 855466.85000
62 855466.85000
63 855466.85000
64 855466.85000
65 855466.85000
66 855466.85000
67 855466.85000
68 855466.85000
69 855466.85000
70 855466.85000
71 855466.85000
72 855466.85000
73 855466.85000
74 855466.85000
75 855466.85000
76 855466.85000
77 855466.85000
78 855466.85000
79 855466.85000
80 855466.85000
81 855466.85000
82 855466.85000
83 855466.85000
84 855466.85000
85 855466.85000
86 855466.85000
87 855466.85000
88 855466.85000
89 855466.85000
90 855466.85000
91 855466.85000
92 855466.85000
93 855466.85000
94 855466.85000
95 855466.85000
96 855466.85000
97 855466.85000
98 855466.85000
99 855466.85000
100 855466.85000
101 855466.85000
102 855466.85000
103 855466.85000
104 855466.85000
105 855466.85000
106 855466.85000
107 855466.85000
108 855466.85000
109 855466.85000
110 855466.85000
111 855466.85000
112 855466.85000
113 855466.85000
114 855466.85000
115 855466.85000
116 855466.85000
117 855466.85000
118 855466.85000
119 855466.85000
120 855466.85000
121 855466.85000
122 855466.85000
123 855466.85000
124 855466.85000
125 855466.85000
126 855466.85000
127 855466.85000
128 855466.85000
129 855466.85000
130 855466.85000
131 855466.85000
132 855466.85000
133 855466.85000
134 855466.85000
135 855466.85000
136 855466.85000
137 855466.85000
138 855466.85000
139 855466.85000
140 855466.85000
141 855466.85000
142 855466.85000
143 855466.85000
144 855466.85000
145 855466.85000
146 855466.85000
147 855466.85000
148 855466.85000
149 855466.85000
855466.85000 1.83619
2
0 875001.61250
1 875001.61250
2 875001.61250
3 875001.61250
4 875001.61250
5 875001.61250
6 867468.40000
7 867468.40000
8 867468.40000
9 867468.40000
10 867468.40000
11 867468.40000
12 867468.40000
13 867468.40000
14 867468.40000
15 867468.40000
16 867468.40000
17 867468.40000
18 867468.40000
19 867468.40000
20 867468.40000
21 867468.40000
22 867468.40000
23 867468.40000
24 867468.40000
25 867468.40000
26 861749.90000
27 861749.90000
28 861749.90000
29 861749.90000
30 861749.90000
31 861749.90000
32 861749.90000
33 861749.90000
34 861749.90000
35 861749.90000
36 861749.90000
37 861749.90000
38 861749.90000
39 861749.90000
40 861749.90000
41 861749.90000
42 861749.90000
43 861749.90000
44 861749.90000
45 860818.36250
46 860696.11250
47 860696.11250
48 859287.01250
49 859287.01250
50 859287.01250
51 859287.01250
52 859287.01250
53 859287.01250
54 859287.01250
55 857271.96250
56 857271.96250
57 857271.96250
58 857271.96250
59 857271.96250
60 857271.96250
61 857271.96250
62 857271.96250
63 857271.96250
64 857271.96250
65 857271.96250
66 857271.96250
67 857271.96250
68 857271.96250
69 857271.96250
70 857271.96250
71 857271.96250
72 857271.96250
73 857271.96250
74 857271.96250
75 857271.96250
76 857271.96250
77 857271.96250
78 857271.96250
79 857271.96250
80 857271.96250
81 857271.96250
82 857271.96250
83 857271.96250
84 857271.96250
85 857271.96250
86 857271.96250
87 857271.96250
88 857271.96250
89 857271.96250
90 857271.96250
91 857271.96250
92 857271.96250
93 857271.96250
94 857271.96250
95 857271.96250
96 857271.96250
97 857271.96250
98 857271.96250
99 857271.96250
100 857271.96250
101 857271.96250
102 857271.96250
103 857271.96250
104 857271.96250
105 857271.96250
106 857271.96250
107 857271.96250
108 857271.96250
109 857271.96250
110 857271.96250
111 857271.96250
112 857271.96250
113 857271.96250
114 857271.96250
115 857271.96250
116 857271.96250
117 857271.96250
118 857271.96250
119 857271.96250
120 857271.96250
121 857271.96250
122 857271.96250
123 857271.96250
124 857271.96250
125 857271.96250
126 857271.96250
127 857271.96250
128 856734.40000
129 856734.40000
130 855971.75000
131 855971.75000
132 855971.75000
133 855971.75000
134 855971.75000
135 855971.75000
136 855971.75000
137 855971.75000
138 855971.75000
139 855971.75000
140 855971.75000
141 855971.75000
142 855971.75000
143 855971.75000
144 855971.75000
145 855971.75000
146 855971.75000
147 855971.75000
148 855971.75000
149 855971.75000
855971.75000 1.57749
3
0 895963.37500
1 895963.37500
2 895963.37500
3 895692.76250
4 889941.61250
5 889941.61250
6 889941.61250
7 885074.71250
8 884931.37500
9 875302.47500
10 875302.47500
11 875302.47500
12 875302.47500
13 875302.47500
14 875302.47500
15 871035.32500
16 871035.32500
17 870492.37500
18 870492.37500
19 868094.52500
20 868094.52500
21 867804.86250
22 867804.86250
23 862401.75000
24 862401.75000
25 862401.75000
26 862401.75000
27 862401.75000
28 862401.75000
29 862401.75000
30 862401.75000
31 862401.75000
32 862401.75000
33 862401.75000
34 862401.75000
35 861993.08750
36 861993.08750
37 861993.08750
38 861993.08750
39 861993.08750
40 861070.78750
41 861070.78750
42 861070.78750
43 859370.55000
44 859370.55000
45 859370.55000
46 859370.55000
47 859370.55000
48 859370.55000
49 859370.55000
50 859370.55000
51 859370.55000
52 859370.55000
53 859370.55000
54 859370.55000
55 859370.55000
56 859370.55000
57 859370.55000
58 859370.55000
59 859370.55000
60 859370.55000
61 859370.55000
62 859370.55000
63 859370.55000
64 859370.55000
65 859370.55000
66 859370.55000
67 859370.55000
68 858894.21250
69 856879.16250
70 856879.16250
71 856879.16250
72 856879.16250
73 856879.16250
74 856879.16250
75 856879.16250
76 856879.16250
77 856879.16250
78 856879.16250
79 856879.16250
80 856879.16250
81 856879.16250
82 856879.16250
83 856879.16250
84 856879.16250
85 856879.16250
86 856879.16250
87 856879.16250
88 856879.16250
89 856879.16250
90 856879.16250
91 856879.16250
92 856879.16250
93 856879.16250
94 856879.16250
95 856879.16250
96 856879.16250
97 856879.16250
98 856879.16250
99 856879.16250
100 856879.16250
101 856879.16250
102 856879.16250
103 856879.16250
104 856879.16250
105 856879.16250
106 856879.16250
107 856879.16250
108 856879.16250
109 856879.16250
110 856879.16250
111 856879.16250
112 856879.16250
113 856879.16250
114 856879.16250
115 856004.41250
116 856004.41250
117 856004.41250
118 856004.41250
119 856004.41250
120 856004.41250
121 856004.41250
122 856004.41250
123 856004.41250
124 856004.41250
125 856004.41250
126 856004.41250
127 856004.41250
128 856004.41250
129 856004.41250
130 856004.41250
131 856004.41250
132 856004.41250
133 856004.41250
134 856004.41250
135 856004.41250
136 856004.41250
137 856004.41250
138 856004.41250
139 856004.41250
140 856004.41250
141 856004.41250
142 856004.41250
143 856004.41250
144 856004.41250
145 856004.41250
146 856004.41250
147 856004.41250
148 856004.41250
149 856004.41250
856004.41250 1.49975
855814.33750 246.07232 1.63781 0.12989%
