1
0 938038.98750
1 924071.38750
2 924071.38750
3 924071.38750
4 924071.38750
5 924071.38750
6 924071.38750
7 910699.23750
8 910699.23750
9 899355.67500
10 899355.67500
11 896677.90000
12 896677.90000
13 896677.90000
14 896677.90000
15 896677.90000
16 882029.37500
17 874721.32500
18 874721.32500
19 874721.32500
20 874721.32500
21 874721.32500
22 874721.32500
23 874721.32500
24 874721.32500
25 874721.32500
26 874721.32500
27 874721.32500
28 874721.32500
29 874270.16250
30 874270.16250
31 874270.16250
32 874270.16250
33 874270.16250
34 874270.16250
35 874270.16250
36 874270.16250
37 874270.16250
38 874270.16250
39 871552.67500
40 871552.67500
41 871552.67500
42 871552.67500
43 871552.67500
44 871552.67500
45 871552.67500
46 871552.67500
47 866105.47500
48 866105.47500
49 866105.47500
50 866105.47500
51 866105.47500
52 866105.47500
53 866105.47500
54 866105.47500
55 866105.47500
56 866105.47500
57 866105.47500
58 866105.47500
59 866105.47500
60 866105.47500
61 866105.47500
62 866105.47500
63 866105.47500
64 866105.47500
65 866105.47500
66 866105.47500
67 866105.47500
68 866005.80000
69 866005.80000
70 866005.80000
71 865718.13750
72 865718.13750
73 865718.13750
74 865718.13750
75 865718.13750
76 865718.13750
77 865718.13750
78 865718.13750
79 865718.13750
80 865718.13750
81 862359.87500
82 862359.87500
83 862359.87500
84 862359.87500
85 862359.87500
86 862359.87500
87 862359.87500
88 862359.87500
89 862359.87500
90 862359.87500
91 862359.87500
92 854447.82500
93 854447.82500
94 854447.82500
95 854447.82500
96 854447.82500
97 853346.32500
98 853346.32500
99 853346.32500
100 853346.32500
101 853346.32500
102 853346.32500
103 853346.32500
104 853346.32500
105 853346.32500
106 853346.32500
107 853346.32500
108 853346.32500
109 853346.32500
110 853346.32500
111 853346.32500
112 853346.32500
113 853346.32500
114 853346.32500
115 853346.32500
116 853346.32500
117 853346.32500
118 853346.32500
119 853346.32500
120 853346.32500
121 853346.32500
122 853346.32500
123 853346.32500
124 853346.32500
125 853346.32500
126 853346.32500
127 853346.32500
128 853346.32500
129 853346.32500
130 853346.32500
131 853346.32500
132 853346.32500
133 853346.32500
134 853346.32500
135 853346.32500
136 853346.32500
137 853346.32500
138 853346.32500
139 853346.32500
140 853346.32500
141 853346.32500
142 853346.32500
143 853346.32500
144 853346.32500
145 853346.32500
146 853346.32500
147 853346.32500
148 853346.32500
149 853346.32500
853346.32500 5.45221
2
0 935040.11250
1 933027.38750
2 918659.30000
3 918659.30000
4 918659.30000
5 918659.30000
6 906027.75000
7 906027.75000
8 906027.75000
9 904543.88750
10 904543.88750
11 900431.68750
12 894514.53750
13 894514.53750
14 894514.53750
15 894514.53750
16 894514.53750
17 894514.53750
18 894514.53750
19 894514.53750
20 894514.53750
21 894514.53750
22 894514.53750
23 884643.10000
24 884643.10000
25 884643.10000
26 884643.10000
27 884643.10000
28 884643.10000
29 884643.10000
30 884643.10000
31 884643.10000
32 884643.10000
33 881094.77500
34 881094.77500
35 881094.77500
36 878797.30000
37 870439.17500
38 870439.17500
39 870439.17500
40 870439.17500
41 870439.17500
42 870439.17500
43 870439.17500
44 870439.17500
45 870439.17500
46 870439.17500
47 870439.17500
48 870439.17500
49 870439.17500
50 870439.17500
51 870439.17500
52 870439.17500
53 870439.17500
54 870439.17500
55 870439.17500
56 870439.17500
57 870439.17500
58 870439.17500
59 870439.17500
60 870439.17500
61 860875.17500
62 860875.17500
63 860875.17500
64 860875.17500
65 860875.17500
66 860875.17500
67 860875.17500
68 860875.17500
69 860875.17500
70 860875.17500
71 860875.17500
72 860875.17500
73 860875.17500
74 860875.17500
75 860875.17500
76 860875.17500
77 860875.17500
78 860875.17500
79 860875.17500
80 860875.17500
81 860875.17500
82 860875.17500
83 860875.17500
84 860875.17500
85 860875.17500
86 860875.17500
87 860875.17500
88 860875.17500
89 860875.17500
90 860875.17500
91 860875.17500
92 860875.17500
93 860875.17500
94 860875.17500
95 860875.17500
96 860875.17500
97 860875.17500
98 860875.17500
99 860875.17500
100 860875.17500
101 860875.17500
102 860875.17500
103 860875.17500
104 860875.17500
105 860875.17500
106 860875.17500
107 858429.20000
108 858429.20000
109 858429.20000
110 858429.20000
111 858429.20000
112 858429.20000
113 858429.20000
114 858429.20000
115 858429.20000
116 858429.20000
117 858429.20000
118 858429.20000
119 858429.20000
120 858429.20000
121 858429.20000
122 858429.20000
123 858429.20000
124 858429.20000
125 858429.20000
126 858429.20000
127 858429.20000
128 858429.20000
129 858429.20000
130 858302.63750
131 858302.63750
132 858302.63750
133 858302.63750
134 858302.63750
135 858302.63750
136 858302.63750
137 858302.63750
138 858302.63750
139 858302.63750
140 858302.63750
141 858302.63750
142 858302.63750
143 858302.63750
144 858302.63750
145 858302.63750
146 858302.63750
147 858302.63750
148 858302.63750
149 858302.63750
858302.63750 5.27801
3
0 935066.85000
1 934020.35000
2 928756.38750
3 928756.38750
4 922135.68750
5 922135.68750
6 922135.68750
7 922135.68750
8 920383.46250
9 911550.47500
10 911550.47500
11 904857.13750
12 904857.13750
13 904857.13750
14 904857.13750
15 904857.13750
16 899613.93750
17 899613.93750
18 899613.93750
19 899613.93750
20 899613.93750
21 893029.45000
22 893029.45000
23 893029.45000
24 893029.45000
25 893029.45000
26 883089.96250
27 883089.96250
28 883089.96250
29 883089.96250
30 883089.96250
31 883089.96250
32 883089.96250
33 883089.96250
34 883089.96250
35 883089.96250
36 883089.96250
37 883089.96250
38 883089.96250
39 883089.96250
40 880539.61250
41 878607.82500
42 878607.82500
43 878247.91250
44 872987.95000
45 865101.55000
46 865101.55000
47 865101.55000
48 865101.55000
49 865101.55000
50 865101.55000
51 865101.55000
52 865101.55000
53 865101.55000
54 865101.55000
55 865101.55000
56 865101.55000
57 865101.55000
58 865101.55000
59 865101.55000
60 863029.05000
61 863029.05000
62 863029.05000
63 863029.05000
64 863029.05000
65 863029.05000
66 863029.05000
67 863029.05000
68 863029.05000
69 863029.05000
70 863029.05000
71 863029.05000
72 860047.70000
73 860047.70000
74 860047.70000
75 860047.70000
76 860047.70000
77 860047.70000
78 860047.70000
79 860047.70000
80 860047.70000
81 860047.70000
82 860047.70000
83 860047.70000
84 860047.70000
85 860047.70000
86 860047.70000
87 860047.70000
88 860047.70000
89 860047.70000
90 860047.70000
91 860047.70000
92 860047.70000
93 860047.70000
94 860047.70000
95 860047.70000
96 860047.70000
97 860047.70000
98 860047.70000
99 860047.70000
100 860047.70000
101 860047.70000
102 860047.70000
103 860047.70000
104 860047.70000
105 860047.70000
106 859170.38750
107 859170.38750
108 859170.38750
109 859170.38750
110 859170.38750
111 859170.38750
112 859170.38750
113 859170.38750
114 859170.38750
115 859170.38750
116 859170.38750
117 859170.38750
118 859170.38750
119 859170.38750
120 859170.38750
121 855797.86250
122 855797.86250
123 855797.86250
124 855797.86250
125 855797.86250
126 855797.86250
127 855797.86250
128 855797.86250
129 855797.86250
130 855797.86250
131 855797.86250
132 855797.86250
133 855797.86250
134 855797.86250
135 855797.86250
136 855797.86250
137 855797.86250
138 855797.86250
139 855797.86250
140 855797.86250
141 855797.86250
142 855797.86250
143 855797.86250
144 855797.86250
145 853851.20000
146 853851.20000
147 853851.20000
148 853851.20000
149 853851.20000
853851.20000 5.74334
855166.72083 2226.98671 5.49119 0.43117%
