1
0 1148157.72500
1 1105538.25000
2 1045675.55000
3 1045675.55000
4 1045675.55000
5 1045675.55000
6 1045675.55000
7 1042306.97500
8 1010094.83750
9 1010094.83750
10 1010094.83750
11 1010094.83750
12 1009667.76250
13 1005578.20000
14 1005578.20000
15 1005578.20000
16 991151.52500
17 991151.52500
18 991151.52500
19 991151.52500
20 991151.52500
21 991151.52500
22 991151.52500
23 991151.52500
24 991151.52500
25 991151.52500
26 991151.52500
27 991151.52500
28 991151.52500
29 991151.52500
30 980890.22500
31 967325.32500
32 960348.86250
33 960348.86250
34 960348.86250
35 960348.86250
36 960348.86250
37 960348.86250
38 954357.70000
39 954357.70000
40 954357.70000
41 954357.70000
42 954357.70000
43 954357.70000
44 954357.70000
45 948971.48750
46 948971.48750
47 948971.48750
48 948971.48750
49 948971.48750
50 948971.48750
51 943658.58750
52 943658.58750
53 943658.58750
54 943658.58750
55 943658.58750
56 943658.58750
57 943658.58750
58 943658.58750
59 943658.58750
60 943658.58750
61 943658.58750
62 931507.55000
63 931507.55000
64 931507.55000
65 931507.55000
66 931507.55000
67 931507.55000
68 931507.55000
69 931507.55000
70 931507.55000
71 931507.55000
72 931507.55000
73 931507.55000
74 931507.55000
75 931507.55000
76 931507.55000
77 931507.55000
78 931507.55000
79 931507.55000
80 931507.55000
81 931507.55000
82 931507.55000
83 931507.55000
84 931507.55000
85 931507.55000
86 931507.55000
87 929477.56250
88 929477.56250
89 929477.56250
90 929460.97500
91 929460.97500
92 929460.97500
93 929460.97500
94 929460.97500
95 929460.97500
96 929460.97500
97 929460.97500
98 929460.97500
99 929460.97500
100 929460.97500
101 928941.75000
102 928941.75000
103 928941.75000
104 928941.75000
105 928941.75000
106 928941.75000
107 928941.75000
108 928941.75000
109 928941.75000
110 928941.75000
111 928941.75000
112 928941.75000
113 928941.75000
114 928941.75000
115 928941.75000
116 928941.75000
117 928941.75000
118 928941.75000
119 928941.75000
120 928941.75000
121 928941.75000
122 928941.75000
123 928941.75000
124 928941.75000
125 928941.75000
126 928941.75000
127 928941.75000
128 928941.75000
129 928941.75000
130 928941.75000
131 928941.75000
132 928941.75000
133 928941.75000
134 928941.75000
135 928941.75000
136 928941.75000
137 928941.75000
138 928941.75000
139 928941.75000
140 928941.75000
141 928941.75000
142 928941.75000
143 928941.75000
144 928941.75000
145 928941.75000
146 928941.75000
147 928941.75000
148 928941.75000
149 928941.75000
928941.75000 5.51777
2
0 1120093.86250
1 1073343.68750
2 1073343.68750
3 1073343.68750
4 1033978.76250
5 1002862.56250
6 1002862.56250
7 1002862.56250
8 1002862.56250
9 1002862.56250
10 1002862.56250
11 1002862.56250
12 987606.72500
13 987606.72500
14 987606.72500
15 987606.72500
16 987606.72500
17 987606.72500
18 987606.72500
19 987606.72500
20 987578.57500
21 976195.25000
22 976195.25000
23 976195.25000
24 976195.25000
25 976195.25000
26 960482.00000
27 960482.00000
28 960482.00000
29 954202.38750
30 954202.38750
31 954202.38750
32 954202.38750
33 954202.38750
34 954202.38750
35 954202.38750
36 954202.38750
37 954202.38750
38 954202.38750
39 954202.38750
40 954202.38750
41 954202.38750
42 954202.38750
43 954202.38750
44 954202.38750
45 954202.38750
46 942398.80000
47 942398.80000
48 935958.51250
49 935958.51250
50 935958.51250
51 935958.51250
52 935958.51250
53 935186.11250
54 935186.11250
55 935186.11250
56 935186.11250
57 935186.11250
58 933183.45000
59 928941.75000
60 928941.75000
61 928941.75000
62 928941.75000
63 928941.75000
64 928941.75000
65 928941.75000
66 928941.75000
67 928941.75000
68 928941.75000
69 928941.75000
70 928941.75000
71 928941.75000
72 928941.75000
73 928941.75000
74 928941.75000
75 928941.75000
76 928941.75000
77 928941.75000
78 928941.75000
79 928941.75000
80 928941.75000
81 928941.75000
82 928941.75000
83 928941.75000
84 928941.75000
85 928941.75000
86 928941.75000
87 928941.75000
88 928941.75000
89 928941.75000
90 928941.75000
91 928941.75000
92 928941.75000
93 928941.75000
94 928941.75000
95 928941.75000
96 928941.75000
97 928941.75000
98 928941.75000
99 928941.75000
100 928941.75000
101 928941.75000
102 928941.75000
103 928941.75000
104 928941.75000
105 928941.75000
106 928941.75000
107 928941.75000
108 928941.75000
109 928941.75000
110 928941.75000
111 928941.75000
112 928941.75000
113 928941.75000
114 928941.75000
115 928941.75000
116 928941.75000
117 928941.75000
118 928941.75000
119 928941.75000
120 928941.75000
121 928941.75000
122 928941.75000
123 928941.75000
124 928941.75000
125 928941.75000
126 928941.75000
127 928941.75000
128 928941.75000
129 928941.75000
130 928941.75000
131 928941.75000
132 928941.75000
133 928941.75000
134 928941.75000
135 928941.75000
136 928941.75000
137 928941.75000
138 928941.75000
139 928941.75000
140 928941.75000
141 928941.75000
142 928941.75000
143 928941.75000
144 928941.75000
145 928941.75000
146 928941.75000
147 928941.75000
148 928941.75000
149 928941.75000
928941.75000 4.27328
3
0 1119799.51250
1 1043685.57500
2 1043685.57500
3 1043685.57500
4 1043685.57500
5 1043685.57500
6 1043685.57500
7 1043685.57500
8 1043685.57500
9 1043685.57500
10 1013931.73750
11 1013931.73750
12 1013931.73750
13 1003287.76250
14 1003287.76250
15 999163.28750
16 991185.63750
17 984630.78750
18 964983.90000
19 964983.90000
20 964983.90000
21 964983.90000
22 964983.90000
23 964983.90000
24 964983.90000
25 964983.90000
26 964983.90000
27 964983.90000
28 964983.90000
29 964983.90000
30 964983.90000
31 963464.66250
32 956718.91250
33 948587.31250
34 948587.31250
35 948587.31250
36 948587.31250
37 948587.31250
38 944308.68750
39 944308.68750
40 942707.33750
41 942707.33750
42 942707.33750
43 942707.33750
44 942707.33750
45 942707.33750
46 942707.33750
47 942707.33750
48 942707.33750
49 942707.33750
50 942707.33750
51 942707.33750
52 942707.33750
53 935186.11250
54 935186.11250
55 935186.11250
56 935186.11250
57 935186.11250
58 935186.11250
59 935186.11250
60 931507.55000
61 931507.55000
62 931507.55000
63 931507.55000
64 931507.55000
65 931507.55000
66 931507.55000
67 931507.55000
68 931507.55000
69 931507.55000
70 931507.55000
71 931507.55000
72 931507.55000
73 931507.55000
74 931507.55000
75 931507.55000
76 931507.55000
77 931507.55000
78 931507.55000
79 931507.55000
80 931507.55000
81 931507.55000
82 931507.55000
83 931507.55000
84 929477.56250
85 929477.56250
86 929477.56250
87 929477.56250
88 929477.56250
89 929477.56250
90 929477.56250
91 929477.56250
92 929477.56250
93 929477.56250
94 929477.56250
95 929477.56250
96 929477.56250
97 929477.56250
98 929477.56250
99 929477.56250
100 929477.56250
101 929477.56250
102 929477.56250
103 929477.56250
104 929477.56250
105 929477.56250
106 929477.56250
107 929477.56250
108 929477.56250
109 929477.56250
110 929477.56250
111 929477.56250
112 929477.56250
113 929477.56250
114 929477.56250
115 929477.56250
116 929477.56250
117 929477.56250
118 929477.56250
119 929477.56250
120 929477.56250
121 929477.56250
122 929477.56250
123 929477.56250
124 928941.75000
125 928941.75000
126 928941.75000
127 928941.75000
128 928941.75000
129 928941.75000
130 928941.75000
131 928941.75000
132 928941.75000
133 928941.75000
134 928941.75000
135 928941.75000
136 928941.75000
137 928941.75000
138 928941.75000
139 928941.75000
140 928941.75000
141 928941.75000
142 928941.75000
143 928941.75000
144 928941.75000
145 928941.75000
146 928941.75000
147 928941.75000
148 928941.75000
149 928941.75000
928941.75000 4.58004
928941.75000 0.00000 4.79037 0.00000%
