1
0 931127.72500
1 931127.72500
2 931127.72500
3 931127.72500
4 927432.31250
5 927432.31250
6 915990.20000
7 915990.20000
8 915990.20000
9 915990.20000
10 915990.20000
11 915990.20000
12 915990.20000
13 915990.20000
14 912399.30000
15 908630.55000
16 908630.55000
17 908630.55000
18 908041.70000
19 905963.90000
20 905963.90000
21 905963.90000
22 905963.90000
23 905422.70000
24 905422.70000
25 905422.70000
26 905422.70000
27 905422.70000
28 905422.70000
29 902256.46250
30 901407.53750
31 901407.53750
32 900696.11250
33 900696.11250
34 894573.71250
35 894573.71250
36 894573.71250
37 894573.71250
38 894573.71250
39 894573.71250
40 894573.71250
41 894573.71250
42 894573.71250
43 894573.71250
44 894573.71250
45 894573.71250
46 894573.71250
47 894573.71250
48 894573.71250
49 894573.71250
50 894573.71250
51 894573.71250
52 894573.71250
53 894573.71250
54 894573.71250
55 894573.71250
56 894573.71250
57 894573.71250
58 894573.71250
59 894573.71250
60 894573.71250
61 894573.71250
62 894573.71250
63 894573.71250
64 894573.71250
65 894573.71250
66 894573.71250
67 894573.71250
68 894573.71250
69 894573.71250
70 894573.71250
71 894573.71250
72 894573.71250
73 894573.71250
74 894573.71250
75 894573.71250
76 894573.71250
77 894573.71250
78 894573.71250
79 894573.71250
80 894573.71250
81 894573.71250
82 894573.71250
83 894573.71250
84 894573.71250
85 894573.71250
86 894573.71250
87 894573.71250
88 893782.11250
89 893782.11250
90 893782.11250
91 893782.11250
92 893782.11250
93 893782.11250
94 893782.11250
95 893782.11250
96 893782.11250
97 893782.11250
98 893782.11250
99 893782.11250
100 893782.11250
101 893782.11250
102 893782.11250
103 893782.11250
104 893782.11250
105 893782.11250
106 893782.11250
107 893782.11250
108 893782.11250
109 893782.11250
110 893782.11250
111 893782.11250
112 893782.11250
113 893782.11250
114 893782.11250
115 893782.11250
116 893782.11250
117 893782.11250
118 893782.11250
119 893782.11250
120 893782.11250
121 893782.11250
122 893782.11250
123 893782.11250
124 893782.11250
125 893782.11250
126 893782.11250
127 893782.11250
128 893782.11250
129 893782.11250
130 893782.11250
131 893782.11250
132 893782.11250
133 893782.11250
134 893782.11250
135 893782.11250
136 893782.11250
137 893782.11250
138 893782.11250
139 893782.11250
140 893782.11250
141 893782.11250
142 893782.11250
143 893782.11250
144 893782.11250
145 893782.11250
146 893782.11250
147 893782.11250
148 893782.11250
149 893782.11250
893782.11250 1.56833
2
0 920214.47500
1 920214.47500
2 920214.47500
3 920214.47500
4 920214.47500
5 920214.47500
6 920214.47500
7 918908.43750
8 917035.67500
9 917035.67500
10 911577.01250
11 911577.01250
12 911577.01250
13 911577.01250
14 911577.01250
15 911577.01250
16 911577.01250
17 911577.01250
18 909178.53750
19 909178.53750
20 906183.68750
21 902007.96250
22 902007.96250
23 902007.96250
24 902007.96250
25 898889.07500
26 898708.16250
27 898708.16250
28 898708.16250
29 898708.16250
30 898708.16250
31 898708.16250
32 898708.16250
33 898708.16250
34 898708.16250
35 898708.16250
36 898708.16250
37 898708.16250
38 895275.68750
39 895275.68750
40 895275.68750
41 894008.13750
42 894008.13750
43 894008.13750
44 894008.13750
45 894008.13750
46 894008.13750
47 894008.13750
48 894008.13750
49 894008.13750
50 894008.13750
51 894008.13750
52 894008.13750
53 894008.13750
54 894008.13750
55 893782.11250
56 893782.11250
57 893782.11250
58 893782.11250
59 893782.11250
60 893782.11250
61 893782.11250
62 893782.11250
63 893782.11250
64 893782.11250
65 893782.11250
66 893782.11250
67 893782.11250
68 893782.11250
69 893782.11250
70 893782.11250
71 893782.11250
72 893782.11250
73 893782.11250
74 893782.11250
75 893782.11250
76 893782.11250
77 893782.11250
78 893782.11250
79 893782.11250
80 893782.11250
81 893782.11250
82 893782.11250
83 893782.11250
84 893782.11250
85 893782.11250
86 893782.11250
87 893782.11250
88 893782.11250
89 893782.11250
90 893782.11250
91 893782.11250
92 893782.11250
93 893782.11250
94 893782.11250
95 893782.11250
96 893782.11250
97 893782.11250
98 893782.11250
99 893782.11250
100 893782.11250
101 893782.11250
102 893782.11250
103 893782.11250
104 893782.11250
105 893782.11250
106 893782.11250
107 893782.11250
108 893782.11250
109 893782.11250
110 893782.11250
111 893782.11250
112 893782.11250
113 893782.11250
114 893782.11250
115 893782.11250
116 893782.11250
117 893782.11250
118 893782.11250
119 893782.11250
120 893782.11250
121 893782.11250
122 893782.11250
123 893782.11250
124 893782.11250
125 893782.11250
126 893782.11250
127 893782.11250
128 893782.11250
129 893782.11250
130 893782.11250
131 893782.11250
132 893782.11250
133 893782.11250
134 893782.11250
135 893782.11250
136 893782.11250
137 893782.11250
138 893782.11250
139 893782.11250
140 893782.11250
141 893782.11250
142 893782.11250
143 893782.11250
144 893782.11250
145 893782.11250
146 893782.11250
147 893782.11250
148 893782.11250
149 893782.11250
893782.11250 1.59104
3
0 956783.17500
1 925484.13750
2 925484.13750
3 913950.37500
4 913950.37500
5 913950.37500
6 913950.37500
7 913950.37500
8 913950.37500
9 913950.37500
10 905794.95000
11 905794.95000
12 905794.95000
13 903462.53750
14 903462.53750
15 903462.53750
16 903462.53750
17 897481.90000
18 897481.90000
19 897481.90000
20 897481.90000
21 897481.90000
22 897481.90000
23 897481.90000
24 897481.90000
25 897481.90000
26 897481.90000
27 897481.90000
28 897481.90000
29 897481.90000
30 897481.90000
31 897481.90000
32 897481.90000
33 895592.76250
34 895592.76250
35 895592.76250
36 895592.76250
37 895592.76250
38 895592.76250
39 895592.76250
40 895592.76250
41 895592.76250
42 895592.76250
43 895592.76250
44 895592.76250
45 895592.76250
46 895592.76250
47 895592.76250
48 895592.76250
49 895592.76250
50 895592.76250
51 895592.76250
52 895592.76250
53 895592.76250
54 895027.18750
55 895027.18750
56 895027.18750
57 895027.18750
58 895027.18750
59 895027.18750
60 895027.18750
61 895027.18750
62 895027.18750
63 895027.18750
64 895027.18750
65 895027.18750
66 895027.18750
67 895027.18750
68 895027.18750
69 895027.18750
70 895027.18750
71 895027.18750
72 895027.18750
73 895027.18750
74 895027.18750
75 895027.18750
76 895027.18750
77 894801.16250
78 893782.11250
79 893782.11250
80 893782.11250
81 893782.11250
82 893782.11250
83 893782.11250
84 893782.11250
85 893782.11250
86 893782.11250
87 893782.11250
88 893782.11250
89 893782.11250
90 893782.11250
91 893782.11250
92 893782.11250
93 893782.11250
94 893782.11250
95 893782.11250
96 893782.11250
97 893782.11250
98 893782.11250
99 893782.11250
100 893782.11250
101 893782.11250
102 893782.11250
103 893782.11250
104 893782.11250
105 893782.11250
106 893782.11250
107 893782.11250
108 893782.11250
109 893782.11250
110 893782.11250
111 893782.11250
112 893782.11250
113 893782.11250
114 893782.11250
115 893782.11250
116 893782.11250
117 893782.11250
118 893782.11250
119 893782.11250
120 893782.11250
121 893782.11250
122 893782.11250
123 893782.11250
124 893782.11250
125 893782.11250
126 893782.11250
127 893782.11250
128 893782.11250
129 893782.11250
130 893782.11250
131 893782.11250
132 893782.11250
133 893782.11250
134 893782.11250
135 893782.11250
136 893782.11250
137 893782.11250
138 893782.11250
139 893782.11250
140 893782.11250
141 893782.11250
142 893782.11250
143 893782.11250
144 893782.11250
145 893782.11250
146 893782.11250
147 893782.11250
148 893782.11250
149 893782.11250
893782.11250 1.58065
893782.11250 0.00000 1.58001 0.00000%
