1
0 1029604.41250
1 991120.78750
2 951824.92500
3 951824.92500
4 951824.92500
5 951824.92500
6 951824.92500
7 951824.92500
8 942652.80000
9 942652.80000
10 942652.80000
11 942652.80000
12 942652.80000
13 942652.80000
14 942652.80000
15 942640.96250
16 942640.96250
17 934032.02500
18 934032.02500
19 934032.02500
20 934032.02500
21 934032.02500
22 934032.02500
23 934032.02500
24 932056.88750
25 932056.88750
26 932056.88750
27 932056.88750
28 932056.88750
29 917272.65000
30 898529.55000
31 898529.55000
32 898529.55000
33 898529.55000
34 898529.55000
35 898529.55000
36 898529.55000
37 898529.55000
38 898529.55000
39 898529.55000
40 898529.55000
41 898529.55000
42 898529.55000
43 898529.55000
44 898529.55000
45 898529.55000
46 898529.55000
47 898529.55000
48 898529.55000
49 898529.55000
50 898529.55000
51 898529.55000
52 898529.55000
53 898529.55000
54 898529.55000
55 898529.55000
56 898529.55000
57 898529.55000
58 898529.55000
59 898529.55000
60 898529.55000
61 898529.55000
62 898529.55000
63 898529.55000
64 898529.55000
65 898529.55000
66 898529.55000
67 898529.55000
68 898529.55000
69 898529.55000
70 898529.55000
71 898529.55000
72 898529.55000
73 898529.55000
74 898529.55000
75 895027.18750
76 895027.18750
77 895027.18750
78 895027.18750
79 895027.18750
80 895027.18750
81 895027.18750
82 895027.18750
83 895027.18750
84 895027.18750
85 895027.18750
86 895027.18750
87 895027.18750
88 895027.18750
89 895027.18750
90 895027.18750
91 895027.18750
92 895027.18750
93 895027.18750
94 895027.18750
95 895027.18750
96 895027.18750
97 895027.18750
98 895027.18750
99 895027.18750
100 895027.18750
101 895027.18750
102 895027.18750
103 895027.18750
104 895027.18750
105 895027.18750
106 894344.26250
107 894344.26250
108 894344.26250
109 894344.26250
110 894344.26250
111 894344.26250
112 894095.76250
113 894095.76250
114 894095.76250
115 894095.76250
116 894095.76250
117 894095.76250
118 894095.76250
119 894095.76250
120 894095.76250
121 894095.76250
122 894095.76250
123 894095.76250
124 894095.76250
125 894095.76250
126 894095.76250
127 894095.76250
128 894095.76250
129 894095.76250
130 894095.76250
131 894095.76250
132 894095.76250
133 894095.76250
134 894095.76250
135 894095.76250
136 894095.76250
137 894095.76250
138 894095.76250
139 894095.76250
140 894095.76250
141 894095.76250
142 894095.76250
143 894095.76250
144 894095.76250
145 894095.76250
146 894095.76250
147 894095.76250
148 894095.76250
149 894095.76250
894095.76250 5.47325
2
0 1021411.03750
1 1021411.03750
2 978930.40000
3 972659.86250
4 967209.32500
5 946093.35000
6 946093.35000
7 946093.35000
8 946093.35000
9 930375.77500
10 930375.77500
11 930375.77500
12 930375.77500
13 930375.77500
14 923098.50000
15 916435.35000
16 916435.35000
17 916435.35000
18 916435.35000
19 916435.35000
20 916435.35000
21 913941.61250
22 913941.61250
23 913941.61250
24 913941.61250
25 913941.61250
26 913941.61250
27 913941.61250
28 913229.22500
29 913229.22500
30 913229.22500
31 913229.22500
32 913229.22500
33 913229.22500
34 913229.22500
35 908025.78750
36 908025.78750
37 908025.78750
38 908025.78750
39 903977.06250
40 903977.06250
41 903977.06250
42 903977.06250
43 903977.06250
44 903977.06250
45 898551.53750
46 898551.53750
47 898551.53750
48 898551.53750
49 898551.53750
50 898551.53750
51 898551.53750
52 898551.53750
53 898551.53750
54 893782.11250
55 893782.11250
56 893782.11250
57 893782.11250
58 893782.11250
59 893782.11250
60 893782.11250
61 893782.11250
62 893782.11250
63 893782.11250
64 893782.11250
65 893782.11250
66 893782.11250
67 893782.11250
68 893782.11250
69 893782.11250
70 893782.11250
71 893782.11250
72 893782.11250
73 893782.11250
74 893782.11250
75 893782.11250
76 893782.11250
77 893782.11250
78 893782.11250
79 893782.11250
80 893782.11250
81 893782.11250
82 893782.11250
83 893782.11250
84 893782.11250
85 893782.11250
86 893782.11250
87 893782.11250
88 893782.11250
89 893782.11250
90 893782.11250
91 893782.11250
92 893782.11250
93 893782.11250
94 893782.11250
95 893782.11250
96 893782.11250
97 893782.11250
98 893782.11250
99 893782.11250
100 893782.11250
101 893782.11250
102 893782.11250
103 893782.11250
104 893782.11250
105 893782.11250
106 893782.11250
107 893782.11250
108 893782.11250
109 893782.11250
110 893782.11250
111 893782.11250
112 893782.11250
113 893782.11250
114 893782.11250
115 893782.11250
116 893782.11250
117 893782.11250
118 893782.11250
119 893782.11250
120 893782.11250
121 893782.11250
122 893782.11250
123 893782.11250
124 893782.11250
125 893782.11250
126 893782.11250
127 893782.11250
128 893782.11250
129 893782.11250
130 893782.11250
131 893782.11250
132 893782.11250
133 893782.11250
134 893782.11250
135 893782.11250
136 893782.11250
137 893782.11250
138 893782.11250
139 893782.11250
140 893782.11250
141 893782.11250
142 893782.11250
143 893782.11250
144 893782.11250
145 893782.11250
146 893782.11250
147 893782.11250
148 893782.11250
149 893782.11250
893782.11250 5.29085
3
0 1013966.41250
1 1008802.37500
2 1008802.37500
3 1008802.37500
4 980553.57500
5 980553.57500
6 970869.13750
7 970367.11250
8 957148.35000
9 953535.37500
10 953535.37500
11 953535.37500
12 951330.93750
13 948658.42500
14 930469.77500
15 930469.77500
16 930469.77500
17 930469.77500
18 930469.77500
19 930469.77500
20 924799.41250
21 924799.41250
22 924799.41250
23 924799.41250
24 918036.22500
25 918036.22500
26 918036.22500
27 918036.22500
28 918036.22500
29 918036.22500
30 918036.22500
31 918036.22500
32 918036.22500
33 918036.22500
34 918036.22500
35 915128.50000
36 908297.28750
37 908297.28750
38 906977.56250
39 906977.56250
40 906977.56250
41 906977.56250
42 906977.56250
43 906977.56250
44 906977.56250
45 906977.56250
46 906977.56250
47 906977.56250
48 906977.56250
49 906977.56250
50 906977.56250
51 906977.56250
52 906977.56250
53 906977.56250
54 904782.20000
55 904782.20000
56 899108.80000
57 899108.80000
58 899108.80000
59 899108.80000
60 899108.80000
61 899108.80000
62 899108.80000
63 899108.80000
64 895407.92500
65 895407.92500
66 895407.92500
67 895407.92500
68 895407.92500
69 895407.92500
70 895407.92500
71 895407.92500
72 895407.92500
73 895407.92500
74 895407.92500
75 895407.92500
76 895407.92500
77 895407.92500
78 895407.92500
79 895407.92500
80 895407.92500
81 895407.92500
82 895407.92500
83 895407.92500
84 895407.92500
85 895407.92500
86 895407.92500
87 895407.92500
88 895407.92500
89 895407.92500
90 895407.92500
91 895407.92500
92 895407.92500
93 895407.92500
94 895407.92500
95 895407.92500
96 895407.92500
97 895407.92500
98 895407.92500
99 895407.92500
100 895407.92500
101 895407.92500
102 895407.92500
103 895407.92500
104 895407.92500
105 895407.92500
106 895407.92500
107 895407.92500
108 895407.92500
109 895407.92500
110 895407.92500
111 895407.92500
112 894752.02500
113 894752.02500
114 894752.02500
115 894752.02500
116 894752.02500
117 894752.02500
118 894752.02500
119 894752.02500
120 894752.02500
121 894752.02500
122 894752.02500
123 894752.02500
124 894752.02500
125 894752.02500
126 894752.02500
127 894344.26250
128 894344.26250
129 894344.26250
130 894344.26250
131 894344.26250
132 894344.26250
133 894344.26250
134 894344.26250
135 894344.26250
136 894344.26250
137 894344.26250
138 894344.26250
139 894344.26250
140 894344.26250
141 894344.26250
142 894344.26250
143 894344.26250
144 894344.26250
145 894344.26250
146 894344.26250
147 894344.26250
148 894344.26250
149 894344.26250
894344.26250 5.59398
894074.04583 230.00995 5.45269 0.11167%
