1
0 847632.82500
1 847632.82500
2 847632.82500
3 847632.82500
4 845294.15000
5 845294.15000
6 845294.15000
7 845294.15000
8 845294.15000
9 838211.15000
10 838211.15000
11 838211.15000
12 838211.15000
13 838211.15000
14 832923.08750
15 829822.50000
16 829822.50000
17 829822.50000
18 829822.50000
19 829822.50000
20 829822.50000
21 829822.50000
22 829822.50000
23 829822.50000
24 829822.50000
25 829040.15000
26 829040.15000
27 829040.15000
28 829040.15000
29 817903.06250
30 817903.06250
31 817903.06250
32 817903.06250
33 817903.06250
34 817903.06250
35 817903.06250
36 817903.06250
37 817903.06250
38 817903.06250
39 817903.06250
40 817903.06250
41 817903.06250
42 817903.06250
43 817903.06250
44 817903.06250
45 817903.06250
46 817903.06250
47 817903.06250
48 817903.06250
49 817903.06250
50 817903.06250
51 817903.06250
52 817903.06250
53 817903.06250
54 817903.06250
55 817903.06250
56 817903.06250
57 817903.06250
58 817903.06250
59 817903.06250
60 817903.06250
61 817884.88750
62 817884.88750
63 817884.88750
64 817884.88750
65 817884.88750
66 817801.13750
67 817801.13750
68 817801.13750
69 817801.13750
70 817801.13750
71 815863.23750
72 815863.23750
73 812901.83750
74 812901.83750
75 812901.83750
76 812901.83750
77 812901.83750
78 812901.83750
79 812901.83750
80 811061.51250
81 811061.51250
82 811061.51250
83 811061.51250
84 811061.51250
85 811061.51250
86 811061.51250
87 811061.51250
88 811061.51250
89 809962.35000
90 809962.35000
91 809962.35000
92 809962.35000
93 809962.35000
94 809962.35000
95 809962.35000
96 809962.35000
97 809962.35000
98 809962.35000
99 809962.35000
100 809962.35000
101 809962.35000
102 809962.35000
103 809962.35000
104 809962.35000
105 809962.35000
106 809962.35000
107 809962.35000
108 809962.35000
109 809962.35000
110 809962.35000
111 809962.35000
112 809962.35000
113 809962.35000
114 809962.35000
115 809962.35000
116 809962.35000
117 809962.35000
118 809483.32500
119 809483.32500
120 809483.32500
121 809483.32500
122 809483.32500
123 809483.32500
124 806133.30000
125 806133.30000
126 806133.30000
127 806133.30000
128 806133.30000
129 806133.30000
130 806133.30000
131 806133.30000
132 806133.30000
133 806133.30000
134 806133.30000
135 806133.30000
136 806133.30000
137 806133.30000
138 806133.30000
139 806133.30000
140 806133.30000
141 806133.30000
142 806133.30000
143 806133.30000
144 806133.30000
145 806133.30000
146 806133.30000
147 806133.30000
148 806133.30000
149 806133.30000
806133.30000 5.56688
2
0 864313.56250
1 858093.77500
2 858093.77500
3 857098.63750
4 821612.55000
5 821612.55000
6 821612.55000
7 821612.55000
8 821612.55000
9 821612.55000
10 821612.55000
11 821612.55000
12 821612.55000
13 821612.55000
14 821612.55000
15 821612.55000
16 821612.55000
17 821612.55000
18 821612.55000
19 821612.55000
20 821612.55000
21 821612.55000
22 821612.55000
23 821612.55000
24 821612.55000
25 821612.55000
26 821612.55000
27 821612.55000
28 821612.55000
29 821612.55000
30 821612.55000
31 821612.55000
32 821612.55000
33 821612.55000
34 821612.55000
35 821612.55000
36 821612.55000
37 821612.55000
38 821612.55000
39 821612.55000
40 821612.55000
41 821612.55000
42 821612.55000
43 820396.56250
44 820396.56250
45 819112.93750
46 819112.93750
47 819112.93750
48 819112.93750
49 819112.93750
50 819112.93750
51 816603.90000
52 816603.90000
53 816603.90000
54 816603.90000
55 816603.90000
56 816603.90000
57 816603.90000
58 816603.90000
59 816603.90000
60 816603.90000
61 816603.90000
62 816603.90000
63 816603.90000
64 816603.90000
65 816603.90000
66 816603.90000
67 816603.90000
68 816603.90000
69 816603.90000
70 816603.90000
71 816603.90000
72 812321.28750
73 812321.28750
74 811748.58750
75 807436.26250
76 807436.26250
77 807436.26250
78 807436.26250
79 807436.26250
80 807436.26250
81 807436.26250
82 807436.26250
83 807436.26250
84 807436.26250
85 807436.26250
86 807436.26250
87 807436.26250
88 807436.26250
89 807436.26250
90 807436.26250
91 807436.26250
92 807436.26250
93 807436.26250
94 807436.26250
95 807436.26250
96 807436.26250
97 807436.26250
98 807436.26250
99 807436.26250
100 807436.26250
101 807436.26250
102 807436.26250
103 807436.26250
104 807436.26250
105 807436.26250
106 807436.26250
107 807436.26250
108 807436.26250
109 807436.26250
110 807436.26250
111 807436.26250
112 807436.26250
113 807436.26250
114 807436.26250
115 807436.26250
116 807436.26250
117 807436.26250
118 807436.26250
119 807436.26250
120 807436.26250
121 807436.26250
122 807436.26250
123 807436.26250
124 807436.26250
125 807436.26250
126 807436.26250
127 807436.26250
128 807436.26250
129 807436.26250
130 807436.26250
131 807436.26250
132 807436.26250
133 807436.26250
134 807436.26250
135 807436.26250
136 807436.26250
137 807436.26250
138 807436.26250
139 807436.26250
140 807436.26250
141 807436.26250
142 807436.26250
143 807436.26250
144 807436.26250
145 807436.26250
146 807436.26250
147 807436.26250
148 807436.26250
149 805976.13750
805976.13750 5.33606
3
0 863223.30000
1 863223.30000
2 861268.90000
3 861268.90000
4 841561.70000
5 839442.27500
6 835029.30000
7 835029.30000
8 835029.30000
9 835029.30000
10 826632.96250
11 826632.96250
12 826632.96250
13 826632.96250
14 826632.96250
15 826632.96250
16 826632.96250
17 826632.96250
18 826632.96250
19 826632.96250
20 826632.96250
21 826632.96250
22 826632.96250
23 826632.96250
24 826632.96250
25 826632.96250
26 826632.96250
27 826632.96250
28 818969.08750
29 814529.86250
30 814529.86250
31 814529.86250
32 814529.86250
33 814529.86250
34 814529.86250
35 814529.86250
36 814529.86250
37 814529.86250
38 814529.86250
39 814529.86250
40 814529.86250
41 814529.86250
42 814529.86250
43 814529.86250
44 814529.86250
45 814529.86250
46 814529.86250
47 811526.67500
48 811526.67500
49 811526.67500
50 811526.67500
51 811526.67500
52 811526.67500
53 811526.67500
54 811526.67500
55 811526.67500
56 811526.67500
57 811526.67500
58 811526.67500
59 811526.67500
60 811526.67500
61 811526.67500
62 811526.67500
63 811526.67500
64 811526.67500
65 810847.61250
66 810847.61250
67 808303.38750
68 808303.38750
69 808303.38750
70 808303.38750
71 808303.38750
72 808303.38750
73 808303.38750
74 808303.38750
75 808303.38750
76 808303.38750
77 808303.38750
78 808303.38750
79 808303.38750
80 808303.38750
81 808303.38750
82 808303.38750
83 808303.38750
84 808303.38750
85 808303.38750
86 808303.38750
87 808303.38750
88 808303.38750
89 808303.38750
90 808303.38750
91 808303.38750
92 808303.38750
93 808303.38750
94 808303.38750
95 808303.38750
96 808303.38750
97 808303.38750
98 808303.38750
99 808303.38750
100 808303.38750
101 808303.38750
102 808303.38750
103 808303.38750
104 808303.38750
105 808303.38750
106 803906.85000
107 803906.85000
108 803906.85000
109 803906.85000
110 803906.85000
111 803906.85000
112 803906.85000
113 803906.85000
114 803906.85000
115 803906.85000
116 803906.85000
117 803906.85000
118 803906.85000
119 803906.85000
120 803906.85000
121 803906.85000
122 803906.85000
123 803906.85000
124 803906.85000
125 803906.85000
126 803906.85000
127 803906.85000
128 803906.85000
129 803906.85000
130 803906.85000
131 803906.85000
132 803906.85000
133 803906.85000
134 803906.85000
135 803906.85000
136 803906.85000
137 803906.85000
138 803906.85000
139 803906.85000
140 803906.85000
141 803906.85000
142 801605.96250
143 801605.96250
144 801605.96250
145 801605.96250
146 801605.96250
147 801605.96250
148 801605.96250
149 801605.96250
801605.96250 5.52165
804571.80000 2098.14506 5.47486 1.40304%
