1
0 1019327.46250
1 993823.71250
2 993823.71250
3 986472.68750
4 986472.68750
5 986472.68750
6 976295.91250
7 962910.67500
8 962910.67500
9 959658.06250
10 959658.06250
11 953302.78750
12 953302.78750
13 953302.78750
14 934586.97500
15 934586.97500
16 934586.97500
17 934586.97500
18 934586.97500
19 934586.97500
20 934586.97500
21 930026.55000
22 930026.55000
23 928941.75000
24 928941.75000
25 928941.75000
26 928941.75000
27 928941.75000
28 928941.75000
29 928941.75000
30 928941.75000
31 928941.75000
32 928941.75000
33 928941.75000
34 928941.75000
35 928941.75000
36 928941.75000
37 928941.75000
38 928941.75000
39 928941.75000
40 928941.75000
41 928941.75000
42 928941.75000
43 928941.75000
44 928941.75000
45 928941.75000
46 928941.75000
47 928941.75000
48 928941.75000
49 928941.75000
50 928941.75000
51 928941.75000
52 928941.75000
53 928941.75000
54 928941.75000
55 928941.75000
56 928941.75000
57 928941.75000
58 928941.75000
59 928941.75000
60 928941.75000
61 928941.75000
62 928941.75000
63 928941.75000
64 928941.75000
65 928941.75000
66 928941.75000
67 928941.75000
68 928941.75000
69 928941.75000
70 928941.75000
71 928941.75000
72 928941.75000
73 928941.75000
74 928941.75000
75 928941.75000
76 928941.75000
77 928941.75000
78 928941.75000
79 928941.75000
80 928941.75000
81 928941.75000
82 928941.75000
83 928941.75000
84 928941.75000
85 928941.75000
86 928941.75000
87 928941.75000
88 928941.75000
89 928941.75000
90 928941.75000
91 928941.75000
92 928941.75000
93 928941.75000
94 928941.75000
95 928941.75000
96 928941.75000
97 928941.75000
98 928941.75000
99 928941.75000
100 928941.75000
101 928941.75000
102 928941.75000
103 928941.75000
104 928941.75000
105 928941.75000
106 928941.75000
107 928941.75000
108 928941.75000
109 928941.75000
110 928941.75000
111 928941.75000
112 928941.75000
113 928941.75000
114 928941.75000
115 928941.75000
116 928941.75000
117 928941.75000
118 928941.75000
119 928941.75000
120 928941.75000
121 928941.75000
122 928941.75000
123 928941.75000
124 928941.75000
125 928941.75000
126 928941.75000
127 928941.75000
128 928941.75000
129 928941.75000
130 928941.75000
131 928941.75000
132 928941.75000
133 928941.75000
134 928941.75000
135 928941.75000
136 928941.75000
137 928941.75000
138 928941.75000
139 928941.75000
140 928941.75000
141 928941.75000
142 928941.75000
143 928941.75000
144 928941.75000
145 928941.75000
146 928941.75000
147 928941.75000
148 928941.75000
149 928941.75000
928941.75000 1.54082
2
0 1011726.36250
1 966336.51250
2 966336.51250
3 966336.51250
4 966336.51250
5 966336.51250
6 966336.51250
7 966336.51250
8 966336.51250
9 962894.92500
10 962894.92500
11 954858.02500
12 954858.02500
13 954858.02500
14 954858.02500
15 954858.02500
16 954493.47500
17 954493.47500
18 950626.48750
19 950626.48750
20 950175.73750
21 950175.73750
22 935133.51250
23 935133.51250
24 932007.96250
25 932007.96250
26 932007.96250
27 932007.96250
28 928941.75000
29 928941.75000
30 928941.75000
31 928941.75000
32 928941.75000
33 928941.75000
34 928941.75000
35 928941.75000
36 928941.75000
37 928941.75000
38 928941.75000
39 928941.75000
40 928941.75000
41 928941.75000
42 928941.75000
43 928941.75000
44 928941.75000
45 928941.75000
46 928941.75000
47 928941.75000
48 928941.75000
49 928941.75000
50 928941.75000
51 928941.75000
52 928941.75000
53 928941.75000
54 928941.75000
55 928941.75000
56 928941.75000
57 928941.75000
58 928941.75000
59 928941.75000
60 928941.75000
61 928941.75000
62 928941.75000
63 928941.75000
64 928941.75000
65 928941.75000
66 928941.75000
67 928941.75000
68 928941.75000
69 928941.75000
70 928941.75000
71 928941.75000
72 928941.75000
73 928941.75000
74 928941.75000
75 928941.75000
76 928941.75000
77 928941.75000
78 928941.75000
79 928941.75000
80 928941.75000
81 928941.75000
82 928941.75000
83 928941.75000
84 928941.75000
85 928941.75000
86 928941.75000
87 928941.75000
88 928941.75000
89 928941.75000
90 928941.75000
91 928941.75000
92 928941.75000
93 928941.75000
94 928941.75000
95 928941.75000
96 928941.75000
97 928941.75000
98 928941.75000
99 928941.75000
100 928941.75000
101 928941.75000
102 928941.75000
103 928941.75000
104 928941.75000
105 928941.75000
106 928941.75000
107 928941.75000
108 928941.75000
109 928941.75000
110 928941.75000
111 928941.75000
112 928941.75000
113 928941.75000
114 928941.75000
115 928941.75000
116 928941.75000
117 928941.75000
118 928941.75000
119 928941.75000
120 928941.75000
121 928941.75000
122 928941.75000
123 928941.75000
124 928941.75000
125 928941.75000
126 928941.75000
127 928941.75000
128 928941.75000
129 928941.75000
130 928941.75000
131 928941.75000
132 928941.75000
133 928941.75000
134 928941.75000
135 928941.75000
136 928941.75000
137 928941.75000
138 928941.75000
139 928941.75000
140 928941.75000
141 928941.75000
142 928941.75000
143 928941.75000
144 928941.75000
145 928941.75000
146 928941.75000
147 928941.75000
148 928941.75000
149 928941.75000
928941.75000 1.56471
3
0 1028196.77500
1 987739.00000
2 970755.97500
3 970755.97500
4 970755.97500
5 945511.77500
6 945511.77500
7 945511.77500
8 945511.77500
9 945511.77500
10 945511.77500
11 945511.77500
12 945511.77500
13 945511.77500
14 945511.77500
15 934586.97500
16 934586.97500
17 934586.97500
18 934586.97500
19 934586.97500
20 934586.97500
21 934586.97500
22 934586.97500
23 934586.97500
24 934586.97500
25 934586.97500
26 934586.97500
27 934586.97500
28 928941.75000
29 928941.75000
30 928941.75000
31 928941.75000
32 928941.75000
33 928941.75000
34 928941.75000
35 928941.75000
36 928941.75000
37 928941.75000
38 928941.75000
39 928941.75000
40 928941.75000
41 928941.75000
42 928941.75000
43 928941.75000
44 928941.75000
45 928941.75000
46 928941.75000
47 928941.75000
48 928941.75000
49 928941.75000
50 928941.75000
51 928941.75000
52 928941.75000
53 928941.75000
54 928941.75000
55 928941.75000
56 928941.75000
57 928941.75000
58 928941.75000
59 928941.75000
60 928941.75000
61 928941.75000
62 928941.75000
63 928941.75000
64 928941.75000
65 928941.75000
66 928941.75000
67 928941.75000
68 928941.75000
69 928941.75000
70 928941.75000
71 928941.75000
72 928941.75000
73 928941.75000
74 928941.75000
75 928941.75000
76 928941.75000
77 928941.75000
78 928941.75000
79 928941.75000
80 928941.75000
81 928941.75000
82 928941.75000
83 928941.75000
84 928941.75000
85 928941.75000
86 928941.75000
87 928941.75000
88 928941.75000
89 928941.75000
90 928941.75000
91 928941.75000
92 928941.75000
93 928941.75000
94 928941.75000
95 928941.75000
96 928941.75000
97 928941.75000
98 928941.75000
99 928941.75000
100 928941.75000
101 928941.75000
102 928941.75000
103 928941.75000
104 928941.75000
105 928941.75000
106 928941.75000
107 928941.75000
108 928941.75000
109 928941.75000
110 928941.75000
111 928941.75000
112 928941.75000
113 928941.75000
114 928941.75000
115 928941.75000
116 928941.75000
117 928941.75000
118 928941.75000
119 928941.75000
120 928941.75000
121 928941.75000
122 928941.75000
123 928941.75000
124 928941.75000
125 928941.75000
126 928941.75000
127 928941.75000
128 928941.75000
129 928941.75000
130 928941.75000
131 928941.75000
132 928941.75000
133 928941.75000
134 928941.75000
135 928941.75000
136 928941.75000
137 928941.75000
138 928941.75000
139 928941.75000
140 928941.75000
141 928941.75000
142 928941.75000
143 928941.75000
144 928941.75000
145 928941.75000
146 928941.75000
147 928941.75000
148 928941.75000
149 928941.75000
928941.75000 1.45270
928941.75000 0.00000 1.51941 0.00000%
