1
0 824828.85000
1 824828.85000
2 824828.85000
3 824828.85000
4 824828.85000
5 824828.85000
6 824828.85000
7 820543.02500
8 820187.00000
9 820187.00000
10 820187.00000
11 820187.00000
12 820187.00000
13 820187.00000
14 820187.00000
15 820187.00000
16 814388.20000
17 814388.20000
18 814388.20000
19 814388.20000
20 814388.20000
21 814388.20000
22 814388.20000
23 814388.20000
24 814388.20000
25 814388.20000
26 814388.20000
27 812970.00000
28 812048.70000
29 812048.70000
30 812048.70000
31 812048.70000
32 812048.70000
33 812048.70000
34 812048.70000
35 812048.70000
36 812048.70000
37 806219.43750
38 806219.43750
39 806219.43750
40 806219.43750
41 806219.43750
42 806219.43750
43 806219.43750
44 806219.43750
45 806219.43750
46 806219.43750
47 806219.43750
48 806219.43750
49 806219.43750
50 806219.43750
51 806219.43750
52 806219.43750
53 805233.16250
54 805233.16250
55 805233.16250
56 805233.16250
57 805233.16250
58 805233.16250
59 805233.16250
60 805233.16250
61 805233.16250
62 805233.16250
63 805233.16250
64 805233.16250
65 805233.16250
66 805233.16250
67 805233.16250
68 805233.16250
69 805233.16250
70 805233.16250
71 805233.16250
72 800873.96250
73 800873.96250
74 800873.96250
75 800873.96250
76 800873.96250
77 800873.96250
78 800873.96250
79 800873.96250
80 800873.96250
81 800873.96250
82 800873.96250
83 800873.96250
84 800873.96250
85 800873.96250
86 800873.96250
87 800873.96250
88 800873.96250
89 800873.96250
90 800873.96250
91 800873.96250
92 800873.96250
93 800873.96250
94 800873.96250
95 800873.96250
96 800873.96250
97 800873.96250
98 800873.96250
99 800873.96250
100 800873.96250
101 800873.96250
102 800873.96250
103 800873.96250
104 800873.96250
105 800873.96250
106 800873.96250
107 800873.96250
108 800873.96250
109 800873.96250
110 800873.96250
111 800873.96250
112 800873.96250
113 800873.96250
114 800873.96250
115 800873.96250
116 800873.96250
117 798243.31250
118 798243.31250
119 798243.31250
120 798243.31250
121 798243.31250
122 798243.31250
123 798243.31250
124 798243.31250
125 798243.31250
126 798243.31250
127 798243.31250
128 798243.31250
129 798243.31250
130 798243.31250
131 798243.31250
132 798243.31250
133 798243.31250
134 798243.31250
135 798243.31250
136 798243.31250
137 798243.31250
138 798243.31250
139 798243.31250
140 798243.31250
141 798243.31250
142 798243.31250
143 798243.31250
144 798243.31250
145 798243.31250
146 798243.31250
147 798243.31250
148 798243.31250
149 798243.31250
798243.31250 1.69486
2
0 826662.77500
1 826662.77500
2 826662.77500
3 826592.17500
4 826592.17500
5 826592.17500
6 826592.17500
7 826592.17500
8 826592.17500
9 820621.65000
10 820621.65000
11 820621.65000
12 820621.65000
13 820621.65000
14 820621.65000
15 820621.65000
16 816273.41250
17 816273.41250
18 810587.02500
19 810587.02500
20 810587.02500
21 810587.02500
22 810587.02500
23 810587.02500
24 810587.02500
25 810587.02500
26 810587.02500
27 810587.02500
28 809313.05000
29 809313.05000
30 809313.05000
31 809313.05000
32 809313.05000
33 809313.05000
34 806040.67500
35 806040.67500
36 806040.67500
37 806040.67500
38 806040.67500
39 806040.67500
40 806040.67500
41 806040.67500
42 806040.67500
43 806040.67500
44 806040.67500
45 806040.67500
46 806040.67500
47 806040.67500
48 797582.28750
49 797582.28750
50 797582.28750
51 797582.28750
52 797582.28750
53 797582.28750
54 797582.28750
55 797582.28750
56 797582.28750
57 797582.28750
58 797582.28750
59 797582.28750
60 797582.28750
61 797582.28750
62 797582.28750
63 797582.28750
64 797582.28750
65 797582.28750
66 797582.28750
67 797582.28750
68 797582.28750
69 797582.28750
70 797582.28750
71 797582.28750
72 797582.28750
73 797582.28750
74 797582.28750
75 797582.28750
76 797582.28750
77 797582.28750
78 797582.28750
79 797582.28750
80 797582.28750
81 797582.28750
82 797582.28750
83 797582.28750
84 797582.28750
85 797582.28750
86 797582.28750
87 797582.28750
88 797582.28750
89 797582.28750
90 797582.28750
91 797582.28750
92 797582.28750
93 797582.28750
94 797582.28750
95 797582.28750
96 797582.28750
97 797582.28750
98 797582.28750
99 797582.28750
100 797582.28750
101 797582.28750
102 797582.28750
103 797582.28750
104 797582.28750
105 797582.28750
106 797582.28750
107 797582.28750
108 797582.28750
109 797582.28750
110 797582.28750
111 797582.28750
112 797582.28750
113 797582.28750
114 797582.28750
115 797582.28750
116 797582.28750
117 797582.28750
118 797582.28750
119 797582.28750
120 797582.28750
121 797582.28750
122 797582.28750
123 797582.28750
124 797582.28750
125 797582.28750
126 797582.28750
127 797582.28750
128 797582.28750
129 797582.28750
130 797582.28750
131 797582.28750
132 797582.28750
133 797582.28750
134 797582.28750
135 797582.28750
136 797582.28750
137 797582.28750
138 797582.28750
139 797582.28750
140 797582.28750
141 797582.28750
142 797582.28750
143 797582.28750
144 797582.28750
145 797582.28750
146 797582.28750
147 797582.28750
148 797582.28750
149 797582.28750
797582.28750 1.57965
3
0 829729.80000
1 829729.80000
2 829374.93750
3 829374.93750
4 825459.11250
5 825459.11250
6 825459.11250
7 825459.11250
8 825459.11250
9 825459.11250
10 825459.11250
11 825459.11250
12 825374.93750
13 825374.93750
14 825374.93750
15 825374.93750
16 825028.70000
17 820570.18750
18 819957.73750
19 818051.75000
20 818051.75000
21 818051.75000
22 818051.75000
23 818051.75000
24 815779.37500
25 815779.37500
26 815779.37500
27 815779.37500
28 811546.37500
29 811546.37500
30 811546.37500
31 811546.37500
32 811546.37500
33 811546.37500
34 811546.37500
35 811546.37500
36 804234.95000
37 804234.95000
38 804234.95000
39 804234.95000
40 804234.95000
41 804234.95000
42 804234.95000
43 804234.95000
44 804234.95000
45 804234.95000
46 804234.95000
47 804234.95000
48 804234.95000
49 804234.95000
50 804234.95000
51 804234.95000
52 804234.95000
53 804234.95000
54 804234.95000
55 804234.95000
56 804234.95000
57 804234.95000
58 804234.95000
59 804234.95000
60 804234.95000
61 804234.95000
62 804234.95000
63 804234.95000
64 804234.95000
65 804234.95000
66 804234.95000
67 804234.95000
68 804234.95000
69 804234.95000
70 804234.95000
71 804234.95000
72 804234.95000
73 804234.95000
74 804234.95000
75 804234.95000
76 804234.95000
77 804234.95000
78 804234.95000
79 804234.95000
80 804234.95000
81 804234.95000
82 804234.95000
83 804234.95000
84 804234.95000
85 804234.95000
86 804234.95000
87 804234.95000
88 804234.95000
89 804234.95000
90 804234.95000
91 803808.93750
92 803808.93750
93 803808.93750
94 803808.93750
95 803808.93750
96 803808.93750
97 803808.93750
98 803808.93750
99 803808.93750
100 803808.93750
101 803808.93750
102 803808.93750
103 803808.93750
104 803808.93750
105 803808.93750
106 803808.93750
107 803808.93750
108 803808.93750
109 803808.93750
110 803808.93750
111 803808.93750
112 803808.93750
113 803808.93750
114 803808.93750
115 803808.93750
116 803808.93750
117 803808.93750
118 803808.93750
119 803808.93750
120 803808.93750
121 803808.93750
122 803808.93750
123 803808.93750
124 803808.93750
125 802395.61250
126 802395.61250
127 802395.61250
128 802395.61250
129 802395.61250
130 802395.61250
131 802395.61250
132 802395.61250
133 801575.95000
134 801575.95000
135 801575.95000
136 801575.95000
137 801575.95000
138 801575.95000
139 801575.95000
140 801575.95000
141 801575.95000
142 801575.95000
143 801575.95000
144 801575.95000
145 801575.95000
146 801575.95000
147 801575.95000
148 801575.95000
149 801575.95000
801575.95000 1.96912
799133.85000 1747.78485 1.74788 0.31198%
