1
0 1001926.57500
1 1001926.57500
2 994393.81250
3 994393.81250
4 993951.18750
5 993951.18750
6 993951.18750
7 991979.82500
8 989023.16250
9 989023.16250
10 987220.00000
11 987220.00000
12 987220.00000
13 987220.00000
14 987220.00000
15 987220.00000
16 986962.53750
17 986385.46250
18 986067.65000
19 984507.95000
20 984507.95000
21 984507.95000
22 984507.95000
23 984507.95000
24 984507.95000
25 979099.61250
26 979099.61250
27 979099.61250
28 979099.61250
29 979099.61250
30 979099.61250
31 979099.61250
32 979099.61250
33 979099.61250
34 979099.61250
35 979099.61250
36 979099.61250
37 979099.61250
38 977799.40000
39 977799.40000
40 977799.40000
41 977799.40000
42 977799.40000
43 977799.40000
44 977799.40000
45 977799.40000
46 977799.40000
47 977799.40000
48 977799.40000
49 977799.40000
50 977799.40000
51 977799.40000
52 977799.40000
53 977799.40000
54 977799.40000
55 977799.40000
56 977799.40000
57 977799.40000
58 977799.40000
59 977799.40000
60 977799.40000
61 977799.40000
62 977799.40000
63 977799.40000
64 977799.40000
65 977799.40000
66 977799.40000
67 977799.40000
68 977799.40000
69 977799.40000
70 977799.40000
71 977799.40000
72 977799.40000
73 977799.40000
74 977799.40000
75 977799.40000
76 977799.40000
77 977799.40000
78 977799.40000
79 977799.40000
80 977799.40000
81 977799.40000
82 977799.40000
83 977799.40000
84 977799.40000
85 977799.40000
86 977799.40000
87 977799.40000
88 977799.40000
89 977799.40000
90 977799.40000
91 977799.40000
92 977799.40000
93 977799.40000
94 977799.40000
95 977799.40000
96 977799.40000
97 977799.40000
98 977799.40000
99 977799.40000
100 977799.40000
101 977799.40000
102 977799.40000
103 977799.40000
104 977799.40000
105 977799.40000
106 977799.40000
107 977799.40000
108 977799.40000
109 977799.40000
110 977799.40000
111 977799.40000
112 977799.40000
113 977799.40000
114 977799.40000
115 977799.40000
116 977799.40000
117 977799.40000
118 977799.40000
119 977799.40000
120 977799.40000
121 977799.40000
122 977799.40000
123 977799.40000
124 977799.40000
125 977799.40000
126 977799.40000
127 977799.40000
128 977799.40000
129 977799.40000
130 977799.40000
131 977799.40000
132 977799.40000
133 977799.40000
134 977799.40000
135 977799.40000
136 977799.40000
137 977799.40000
138 977799.40000
139 977799.40000
140 977799.40000
141 977799.40000
142 977799.40000
143 977799.40000
144 977799.40000
145 977799.40000
146 977799.40000
147 977799.40000
148 977799.40000
149 977799.40000
977799.40000 0.71362
2
0 1008142.90000
1 1008142.90000
2 1008142.90000
3 997401.17500
4 995091.51250
5 995091.51250
6 988492.98750
7 988492.98750
8 988492.98750
9 988492.98750
10 988492.98750
11 988492.98750
12 988492.98750
13 986885.06250
14 986885.06250
15 985808.16250
16 979099.61250
17 979099.61250
18 979099.61250
19 979099.61250
20 979099.61250
21 979099.61250
22 979099.61250
23 979099.61250
24 979099.61250
25 979099.61250
26 979099.61250
27 979099.61250
28 979099.61250
29 979099.61250
30 979099.61250
31 979099.61250
32 979099.61250
33 979099.61250
34 979099.61250
35 979099.61250
36 979099.61250
37 979099.61250
38 979099.61250
39 979099.61250
40 979099.61250
41 979099.61250
42 979099.61250
43 979099.61250
44 979099.61250
45 979099.61250
46 979099.61250
47 979099.61250
48 979099.61250
49 979099.61250
50 979099.61250
51 979099.61250
52 979099.61250
53 979099.61250
54 979099.61250
55 979099.61250
56 979099.61250
57 979099.61250
58 979099.61250
59 979099.61250
60 979099.61250
61 979099.61250
62 979099.61250
63 979099.61250
64 979099.61250
65 979099.61250
66 979099.61250
67 979099.61250
68 979099.61250
69 979099.61250
70 979099.61250
71 979099.61250
72 979099.61250
73 979099.61250
74 979099.61250
75 979099.61250
76 979099.61250
77 979099.61250
78 979099.61250
79 979099.61250
80 979099.61250
81 979099.61250
82 979099.61250
83 979099.61250
84 979099.61250
85 979099.61250
86 979099.61250
87 979099.61250
88 979099.61250
89 979099.61250
90 979099.61250
91 979099.61250
92 978876.30000
93 978876.30000
94 978876.30000
95 978876.30000
96 978876.30000
97 978876.30000
98 978876.30000
99 977799.40000
100 977799.40000
101 977799.40000
102 977799.40000
103 977799.40000
104 977799.40000
105 977799.40000
106 977799.40000
107 977799.40000
108 977799.40000
109 977799.40000
110 977799.40000
111 977799.40000
112 977799.40000
113 977799.40000
114 977799.40000
115 977799.40000
116 977799.40000
117 977799.40000
118 977799.40000
119 977799.40000
120 977799.40000
121 977799.40000
122 977799.40000
123 977799.40000
124 977799.40000
125 977799.40000
126 977799.40000
127 977799.40000
128 977799.40000
129 977799.40000
130 977799.40000
131 977799.40000
132 977799.40000
133 977799.40000
134 977799.40000
135 977799.40000
136 977799.40000
137 977799.40000
138 977799.40000
139 977799.40000
140 977799.40000
141 977799.40000
142 977799.40000
143 977799.40000
144 977799.40000
145 977799.40000
146 977799.40000
147 977799.40000
148 977799.40000
149 977799.40000
977799.40000 0.66108
3
0 1003900.41250
1 1003900.41250
2 1003900.41250
3 999528.90000
4 999528.90000
5 999528.90000
6 999437.73750
7 996445.43750
8 996445.43750
9 996445.43750
10 984767.43750
11 984767.43750
12 984767.43750
13 984767.43750
14 984767.43750
15 984767.43750
16 984767.43750
17 984767.43750
18 984767.43750
19 984767.43750
20 984767.43750
21 984767.43750
22 982632.68750
23 982632.68750
24 982632.68750
25 982632.68750
26 979934.15000
27 979934.15000
28 979934.15000
29 979934.15000
30 979934.15000
31 979934.15000
32 979934.15000
33 979934.15000
34 979934.15000
35 979934.15000
36 979934.15000
37 979934.15000
38 977799.40000
39 977799.40000
40 977799.40000
41 977799.40000
42 977799.40000
43 977799.40000
44 977799.40000
45 977799.40000
46 977799.40000
47 977799.40000
48 977799.40000
49 977799.40000
50 977799.40000
51 977799.40000
52 977799.40000
53 977799.40000
54 977799.40000
55 977799.40000
56 977799.40000
57 977799.40000
58 977799.40000
59 977799.40000
60 977799.40000
61 977799.40000
62 977799.40000
63 977799.40000
64 977799.40000
65 977799.40000
66 977799.40000
67 977799.40000
68 977799.40000
69 977799.40000
70 977799.40000
71 977799.40000
72 977799.40000
73 977799.40000
74 977799.40000
75 977799.40000
76 977799.40000
77 977799.40000
78 977799.40000
79 977799.40000
80 977799.40000
81 977799.40000
82 977799.40000
83 977799.40000
84 977799.40000
85 977799.40000
86 977799.40000
87 977799.40000
88 977799.40000
89 977799.40000
90 977799.40000
91 977799.40000
92 977799.40000
93 977799.40000
94 977799.40000
95 977799.40000
96 977799.40000
97 977799.40000
98 977799.40000
99 977799.40000
100 977799.40000
101 977799.40000
102 977799.40000
103 977799.40000
104 977799.40000
105 977799.40000
106 977799.40000
107 977799.40000
108 977799.40000
109 977799.40000
110 977799.40000
111 977799.40000
112 977799.40000
113 977799.40000
114 977799.40000
115 977799.40000
116 977799.40000
117 977799.40000
118 977799.40000
119 977799.40000
120 977799.40000
121 977799.40000
122 977799.40000
123 977799.40000
124 977799.40000
125 977799.40000
126 977799.40000
127 977799.40000
128 977799.40000
129 977799.40000
130 977799.40000
131 977799.40000
132 977799.40000
133 977799.40000
134 977799.40000
135 977799.40000
136 977799.40000
137 977799.40000
138 977799.40000
139 977799.40000
140 977799.40000
141 977799.40000
142 977799.40000
143 977799.40000
144 977799.40000
145 977799.40000
146 977799.40000
147 977799.40000
148 977799.40000
149 977799.40000
977799.40000 0.74900
977799.40000 0.00000 0.70790 0.00000%
