1
0 1065982.67500
1 1065982.67500
2 1065982.67500
3 1065982.67500
4 1065982.67500
5 1065982.67500
6 1056630.12500
7 1055791.43750
8 1055791.43750
9 1055791.43750
10 1055791.43750
11 1052216.63750
12 1051841.23750
13 1051841.23750
14 1046713.62500
15 1045383.78750
16 1040641.45000
17 1040641.45000
18 1038841.37500
19 1038841.37500
20 1038841.37500
21 1038841.37500
22 1037717.07500
23 1037717.07500
24 1037717.07500
25 1037717.07500
26 1037717.07500
27 1037717.07500
28 1037717.07500
29 1037717.07500
30 1037717.07500
31 1037717.07500
32 1037717.07500
33 1037717.07500
34 1037717.07500
35 1037717.07500
36 1037717.07500
37 1037717.07500
38 1034976.97500
39 1034976.97500
40 1034976.97500
41 1034976.97500
42 1034976.97500
43 1034976.97500
44 1034976.97500
45 1034976.97500
46 1034976.97500
47 1034976.97500
48 1034976.97500
49 1034976.97500
50 1034976.97500
51 1034976.97500
52 1034976.97500
53 1034976.97500
54 1034976.97500
55 1034976.97500
56 1034976.97500
57 1034976.97500
58 1034976.97500
59 1034976.97500
60 1034976.97500
61 1034976.97500
62 1034976.97500
63 1034976.97500
64 1034976.97500
65 1034976.97500
66 1034976.97500
67 1034976.97500
68 1034976.97500
69 1034976.97500
70 1034976.97500
71 1034976.97500
72 1034976.97500
73 1034976.97500
74 1034976.97500
75 1034976.97500
76 1034976.97500
77 1034976.97500
78 1034976.97500
79 1034976.97500
80 1034976.97500
81 1034976.97500
82 1034976.97500
83 1034976.97500
84 1034976.97500
85 1034976.97500
86 1034976.97500
87 1034976.97500
88 1034976.97500
89 1034976.97500
90 1034976.97500
91 1034976.97500
92 1034976.97500
93 1034976.97500
94 1034976.97500
95 1034976.97500
96 1034976.97500
97 1034976.97500
98 1034976.97500
99 1034976.97500
100 1034976.97500
101 1034976.97500
102 1034976.97500
103 1034976.97500
104 1034976.97500
105 1034976.97500
106 1034976.97500
107 1034976.97500
108 1034976.97500
109 1034976.97500
110 1034976.97500
111 1034976.97500
112 1034976.97500
113 1034976.97500
114 1034976.97500
115 1034976.97500
116 1034976.97500
117 1034976.97500
118 1034976.97500
119 1034976.97500
120 1034976.97500
121 1034976.97500
122 1034976.97500
123 1034976.97500
124 1034976.97500
125 1034976.97500
126 1034976.97500
127 1034976.97500
128 1034976.97500
129 1034976.97500
130 1034976.97500
131 1034976.97500
132 1034976.97500
133 1034976.97500
134 1034976.97500
135 1034976.97500
136 1034976.97500
137 1034976.97500
138 1034976.97500
139 1034976.97500
140 1034976.97500
141 1034976.97500
142 1034976.97500
143 1034976.97500
144 1034976.97500
145 1034976.97500
146 1034976.97500
147 1034976.97500
148 1034976.97500
149 1034976.97500
1034976.97500 0.70439
2
0 1065103.90000
1 1065103.90000
2 1065103.90000
3 1065103.90000
4 1065103.90000
5 1058673.41250
6 1058673.41250
7 1058673.41250
8 1047592.88750
9 1034976.97500
10 1034976.97500
11 1034976.97500
12 1034976.97500
13 1034976.97500
14 1034976.97500
15 1034976.97500
16 1034976.97500
17 1034976.97500
18 1034976.97500
19 1034976.97500
20 1034976.97500
21 1034976.97500
22 1034976.97500
23 1034976.97500
24 1034976.97500
25 1034976.97500
26 1034976.97500
27 1034976.97500
28 1034976.97500
29 1034976.97500
30 1034976.97500
31 1034976.97500
32 1034976.97500
33 1034976.97500
34 1034976.97500
35 1034976.97500
36 1034976.97500
37 1034976.97500
38 1034976.97500
39 1034976.97500
40 1034976.97500
41 1034976.97500
42 1034976.97500
43 1034976.97500
44 1034976.97500
45 1034976.97500
46 1034976.97500
47 1034976.97500
48 1034976.97500
49 1034976.97500
50 1034976.97500
51 1034976.97500
52 1034976.97500
53 1034976.97500
54 1034976.97500
55 1034976.97500
56 1034976.97500
57 1034976.97500
58 1034976.97500
59 1034976.97500
60 1034976.97500
61 1034976.97500
62 1034976.97500
63 1034976.97500
64 1034976.97500
65 1034976.97500
66 1034976.97500
67 1034976.97500
68 1034976.97500
69 1034976.97500
70 1034976.97500
71 1034976.97500
72 1034976.97500
73 1034976.97500
74 1034976.97500
75 1034976.97500
76 1034976.97500
77 1034976.97500
78 1034976.97500
79 1034976.97500
80 1034976.97500
81 1034976.97500
82 1034976.97500
83 1034976.97500
84 1034976.97500
85 1034976.97500
86 1034976.97500
87 1034976.97500
88 1034976.97500
89 1034976.97500
90 1034976.97500
91 1034976.97500
92 1034976.97500
93 1034976.97500
94 1034976.97500
95 1034976.97500
96 1034976.97500
97 1034976.97500
98 1034976.97500
99 1034976.97500
100 1034976.97500
101 1034976.97500
102 1034976.97500
103 1034976.97500
104 1034976.97500
105 1034976.97500
106 1034976.97500
107 1034976.97500
108 1034976.97500
109 1034976.97500
110 1034976.97500
111 1034976.97500
112 1034976.97500
113 1034976.97500
114 1034976.97500
115 1034976.97500
116 1034976.97500
117 1034976.97500
118 1034976.97500
119 1034976.97500
120 1034976.97500
121 1034976.97500
122 1034976.97500
123 1034976.97500
124 1034976.97500
125 1034976.97500
126 1034976.97500
127 1034976.97500
128 1034976.97500
129 1034976.97500
130 1034976.97500
131 1034976.97500
132 1034976.97500
133 1034976.97500
134 1034976.97500
135 1034976.97500
136 1034976.97500
137 1034976.97500
138 1034976.97500
139 1034976.97500
140 1034976.97500
141 1034976.97500
142 1034976.97500
143 1034976.97500
144 1034976.97500
145 1034976.97500
146 1034976.97500
147 1034976.97500
148 1034976.97500
149 1034976.97500
1034976.97500 0.68923
3
0 1094190.05000
1 1058919.12500
2 1058919.12500
3 1058919.12500
4 1058919.12500
5 1058919.12500
6 1045342.22500
7 1045342.22500
8 1045342.22500
9 1038841.37500
10 1037717.07500
11 1037717.07500
12 1037717.07500
13 1037717.07500
14 1037717.07500
15 1037717.07500
16 1037717.07500
17 1037717.07500
18 1037717.07500
19 1037717.07500
20 1034976.97500
21 1034976.97500
22 1034976.97500
23 1034976.97500
24 1034976.97500
25 1034976.97500
26 1034976.97500
27 1034976.97500
28 1034976.97500
29 1034976.97500
30 1034976.97500
31 1034976.97500
32 1034976.97500
33 1034976.97500
34 1034976.97500
35 1034976.97500
36 1034976.97500
37 1034976.97500
38 1034976.97500
39 1034976.97500
40 1034976.97500
41 1034976.97500
42 1034976.97500
43 1034976.97500
44 1034976.97500
45 1034976.97500
46 1034976.97500
47 1034976.97500
48 1034976.97500
49 1034976.97500
50 1034976.97500
51 1034976.97500
52 1034976.97500
53 1034976.97500
54 1034976.97500
55 1034976.97500
56 1034976.97500
57 1034976.97500
58 1034976.97500
59 1034976.97500
60 1034976.97500
61 1034976.97500
62 1034976.97500
63 1034976.97500
64 1034976.97500
65 1034976.97500
66 1034976.97500
67 1034976.97500
68 1034976.97500
69 1034976.97500
70 1034976.97500
71 1034976.97500
72 1034976.97500
73 1034976.97500
74 1034976.97500
75 1034976.97500
76 1034976.97500
77 1034976.97500
78 1034976.97500
79 1034976.97500
80 1034976.97500
81 1034976.97500
82 1034976.97500
83 1034976.97500
84 1034976.97500
85 1034976.97500
86 1034976.97500
87 1034976.97500
88 1034976.97500
89 1034976.97500
90 1034976.97500
91 1034976.97500
92 1034976.97500
93 1034976.97500
94 1034976.97500
95 1034976.97500
96 1034976.97500
97 1034976.97500
98 1034976.97500
99 1034976.97500
100 1034976.97500
101 1034976.97500
102 1034976.97500
103 1034976.97500
104 1034976.97500
105 1034976.97500
106 1034976.97500
107 1034976.97500
108 1034976.97500
109 1034976.97500
110 1034976.97500
111 1034976.97500
112 1034976.97500
113 1034976.97500
114 1034976.97500
115 1034976.97500
116 1034976.97500
117 1034976.97500
118 1034976.97500
119 1034976.97500
120 1034976.97500
121 1034976.97500
122 1034976.97500
123 1034976.97500
124 1034976.97500
125 1034976.97500
126 1034976.97500
127 1034976.97500
128 1034976.97500
129 1034976.97500
130 1034976.97500
131 1034976.97500
132 1034976.97500
133 1034976.97500
134 1034976.97500
135 1034976.97500
136 1034976.97500
137 1034976.97500
138 1034976.97500
139 1034976.97500
140 1034976.97500
141 1034976.97500
142 1034976.97500
143 1034976.97500
144 1034976.97500
145 1034976.97500
146 1034976.97500
147 1034976.97500
148 1034976.97500
149 1034976.97500
1034976.97500 0.67474
1034976.97500 0.00000 0.68946 0.00000%
