1
0 1015342.22500
1 1015342.22500
2 1015342.22500
3 1015342.22500
4 1012476.97500
5 1012476.97500
6 1012476.97500
7 1012476.97500
8 1012476.97500
9 1012476.97500
10 1012476.97500
11 1012476.97500
12 1012476.97500
13 1012476.97500
14 1012476.97500
15 1012476.97500
16 1012476.97500
17 1012476.97500
18 1012476.97500
19 1012476.97500
20 1012476.97500
21 1012476.97500
22 1012476.97500
23 1012476.97500
24 1012476.97500
25 1012476.97500
26 1012476.97500
27 1012476.97500
28 1012476.97500
29 1012476.97500
30 1012476.97500
31 1012476.97500
32 1012476.97500
33 1012476.97500
34 1012476.97500
35 1012476.97500
36 1012476.97500
37 1012476.97500
38 1012476.97500
39 1012476.97500
40 1012476.97500
41 1012476.97500
42 1012476.97500
43 1012476.97500
44 1012476.97500
45 1012476.97500
46 1012476.97500
47 1012476.97500
48 1012476.97500
49 1012476.97500
50 1012476.97500
51 1012476.97500
52 1012476.97500
53 1012476.97500
54 1012476.97500
55 1012476.97500
56 1012476.97500
57 1012476.97500
58 1012476.97500
59 1012476.97500
60 1012476.97500
61 1012476.97500
62 1012476.97500
63 1012476.97500
64 1012476.97500
65 1012476.97500
66 1012476.97500
67 1012476.97500
68 1012476.97500
69 1012476.97500
70 1012476.97500
71 1012476.97500
72 1012476.97500
73 1012476.97500
74 1012476.97500
75 1012476.97500
76 1012476.97500
77 1012476.97500
78 1012476.97500
79 1012476.97500
80 1012476.97500
81 1012476.97500
82 1012476.97500
83 1012476.97500
84 1012476.97500
85 1012476.97500
86 1012476.97500
87 1012476.97500
88 1012476.97500
89 1012476.97500
90 1012476.97500
91 1012476.97500
92 1012476.97500
93 1012476.97500
94 1012476.97500
95 1012476.97500
96 1012476.97500
97 1012476.97500
98 1012476.97500
99 1012476.97500
100 1012476.97500
101 1012476.97500
102 1012476.97500
103 1012476.97500
104 1012476.97500
105 1012476.97500
106 1012476.97500
107 1012476.97500
108 1012476.97500
109 1012476.97500
110 1012476.97500
111 1012476.97500
112 1012476.97500
113 1012476.97500
114 1012476.97500
115 1012476.97500
116 1012476.97500
117 1012476.97500
118 1012476.97500
119 1012476.97500
120 1012476.97500
121 1012476.97500
122 1012476.97500
123 1012476.97500
124 1012476.97500
125 1012476.97500
126 1012476.97500
127 1012476.97500
128 1012476.97500
129 1012476.97500
130 1012476.97500
131 1012476.97500
132 1012476.97500
133 1012476.97500
134 1012476.97500
135 1012476.97500
136 1012476.97500
137 1012476.97500
138 1012476.97500
139 1012476.97500
140 1012476.97500
141 1012476.97500
142 1012476.97500
143 1012476.97500
144 1012476.97500
145 1012476.97500
146 1012476.97500
147 1012476.97500
148 1012476.97500
149 1012476.97500
1012476.97500 0.74346
2
0 1029527.55000
1 1029527.55000
2 1029527.55000
3 1025779.50000
4 1015909.45000
5 1015909.45000
6 1015909.45000
7 1015909.45000
8 1015909.45000
9 1015909.45000
10 1013932.90000
11 1013932.90000
12 1013932.90000
13 1013932.90000
14 1013932.90000
15 1013932.90000
16 1013932.90000
17 1013506.70000
18 1013506.70000
19 1013506.70000
20 1013506.70000
21 1013506.70000
22 1013506.70000
23 1013506.70000
24 1012476.97500
25 1012476.97500
26 1012476.97500
27 1012476.97500
28 1012476.97500
29 1010641.45000
30 1010641.45000
31 1010641.45000
32 1010641.45000
33 1010641.45000
34 1010641.45000
35 1010641.45000
36 1010641.45000
37 1010641.45000
38 1010641.45000
39 1010641.45000
40 1010641.45000
41 1010641.45000
42 1010641.45000
43 1010641.45000
44 1010641.45000
45 1010641.45000
46 1010641.45000
47 1010641.45000
48 1010641.45000
49 1010641.45000
50 1010641.45000
51 1010641.45000
52 1010641.45000
53 1010641.45000
54 1010641.45000
55 1010641.45000
56 1010641.45000
57 1010641.45000
58 1010641.45000
59 1010641.45000
60 1010641.45000
61 1010641.45000
62 1010641.45000
63 1010641.45000
64 1010641.45000
65 1010641.45000
66 1010641.45000
67 1010641.45000
68 1010641.45000
69 1010641.45000
70 1010641.45000
71 1010641.45000
72 1010641.45000
73 1010641.45000
74 1010641.45000
75 1010641.45000
76 1010641.45000
77 1010641.45000
78 1010641.45000
79 1010641.45000
80 1010641.45000
81 1010641.45000
82 1010641.45000
83 1010641.45000
84 1010641.45000
85 1010641.45000
86 1010641.45000
87 1010641.45000
88 1010641.45000
89 1010641.45000
90 1010641.45000
91 1010641.45000
92 1010641.45000
93 1010641.45000
94 1010641.45000
95 1010641.45000
96 1010641.45000
97 1010641.45000
98 1010641.45000
99 1010641.45000
100 1010641.45000
101 1010641.45000
102 1010641.45000
103 1010641.45000
104 1010641.45000
105 1010641.45000
106 1010641.45000
107 1010641.45000
108 1010641.45000
109 1010641.45000
110 1010641.45000
111 1010641.45000
112 1010641.45000
113 1010641.45000
114 1010641.45000
115 1010641.45000
116 1010641.45000
117 1010641.45000
118 1010641.45000
119 1010641.45000
120 1010641.45000
121 1010641.45000
122 1010641.45000
123 1010641.45000
124 1010641.45000
125 1010641.45000
126 1010641.45000
127 1010641.45000
128 1010641.45000
129 1010641.45000
130 1010641.45000
131 1010641.45000
132 1010641.45000
133 1010641.45000
134 1010641.45000
135 1010641.45000
136 1010641.45000
137 1010641.45000
138 1010641.45000
139 1010641.45000
140 1010641.45000
141 1010641.45000
142 1010641.45000
143 1010641.45000
144 1010641.45000
145 1010641.45000
146 1010641.45000
147 1010641.45000
148 1010641.45000
149 1010641.45000
1010641.45000 0.69371
3
0 1040894.08750
1 1040894.08750
2 1040894.08750
3 1040894.08750
4 1024993.76250
5 1024993.76250
6 1021410.60000
7 1021410.60000
8 1021410.60000
9 1021410.60000
10 1021410.60000
11 1021410.60000
12 1015383.78750
13 1014491.40000
14 1014491.40000
15 1014491.40000
16 1014491.40000
17 1014491.40000
18 1014491.40000
19 1014491.40000
20 1014023.16250
21 1014023.16250
22 1014023.16250
23 1014023.16250
24 1014023.16250
25 1011234.36250
26 1011234.36250
27 1011234.36250
28 1011234.36250
29 1011234.36250
30 1011067.65000
31 1010641.45000
32 1010641.45000
33 1010641.45000
34 1010641.45000
35 1010641.45000
36 1010641.45000
37 1010641.45000
38 1010641.45000
39 1010641.45000
40 1010641.45000
41 1010641.45000
42 1010641.45000
43 1010641.45000
44 1010641.45000
45 1010641.45000
46 1010641.45000
47 1010641.45000
48 1010641.45000
49 1010641.45000
50 1010641.45000
51 1010641.45000
52 1010641.45000
53 1010641.45000
54 1010641.45000
55 1010641.45000
56 1010641.45000
57 1010641.45000
58 1010641.45000
59 1010641.45000
60 1010641.45000
61 1010641.45000
62 1010641.45000
63 1010641.45000
64 1010641.45000
65 1010641.45000
66 1010641.45000
67 1010641.45000
68 1010641.45000
69 1010641.45000
70 1010641.45000
71 1010641.45000
72 1010641.45000
73 1010641.45000
74 1010641.45000
75 1010641.45000
76 1010641.45000
77 1010641.45000
78 1010641.45000
79 1010641.45000
80 1010641.45000
81 1010641.45000
82 1010641.45000
83 1010641.45000
84 1010641.45000
85 1010641.45000
86 1010641.45000
87 1010641.45000
88 1010641.45000
89 1010641.45000
90 1010641.45000
91 1010641.45000
92 1010641.45000
93 1010641.45000
94 1010641.45000
95 1010641.45000
96 1010641.45000
97 1010641.45000
98 1010641.45000
99 1010641.45000
100 1010641.45000
101 1010641.45000
102 1010641.45000
103 1010641.45000
104 1010641.45000
105 1010641.45000
106 1010641.45000
107 1010641.45000
108 1010641.45000
109 1010641.45000
110 1010641.45000
111 1010641.45000
112 1010641.45000
113 1010641.45000
114 1010641.45000
115 1010641.45000
116 1010641.45000
117 1010641.45000
118 1010641.45000
119 1010641.45000
120 1010641.45000
121 1010641.45000
122 1010641.45000
123 1010641.45000
124 1010641.45000
125 1010641.45000
126 1010641.45000
127 1010641.45000
128 1010641.45000
129 1010641.45000
130 1010641.45000
131 1010641.45000
132 1010641.45000
133 1010641.45000
134 1010641.45000
135 1010641.45000
136 1010641.45000
137 1010641.45000
138 1010641.45000
139 1010641.45000
140 1010641.45000
141 1010641.45000
142 1010641.45000
143 1010641.45000
144 1010641.45000
145 1010641.45000
146 1010641.45000
147 1010641.45000
148 1010641.45000
149 1010641.45000
1010641.45000 0.74939
1011253.29167 865.27478 0.72885 0.06054%
