1
0 960408.46250
1 960408.46250
2 960408.46250
3 958086.98750
4 952721.07500
5 952721.07500
6 952721.07500
7 952721.07500
8 952721.07500
9 952721.07500
10 952497.62500
11 952497.62500
12 952497.62500
13 949855.23750
14 949855.23750
15 949855.23750
16 949855.23750
17 949855.23750
18 949855.23750
19 946519.85000
20 946519.85000
21 946519.85000
22 946519.85000
23 945716.41250
24 945716.41250
25 945716.41250
26 939174.88750
27 939174.88750
28 939174.88750
29 939174.88750
30 939174.88750
31 939174.88750
32 939174.88750
33 939174.88750
34 939174.88750
35 939174.88750
36 939174.88750
37 933876.30000
38 933876.30000
39 933876.30000
40 933876.30000
41 933876.30000
42 933876.30000
43 933876.30000
44 933876.30000
45 933876.30000
46 933876.30000
47 933876.30000
48 933876.30000
49 933876.30000
50 933876.30000
51 933876.30000
52 933876.30000
53 933876.30000
54 933876.30000
55 933876.30000
56 933876.30000
57 933876.30000
58 933876.30000
59 933876.30000
60 933876.30000
61 933876.30000
62 933876.30000
63 932615.75000
64 932615.75000
65 932615.75000
66 932615.75000
67 932615.75000
68 932615.75000
69 932615.75000
70 932615.75000
71 932615.75000
72 932615.75000
73 932615.75000
74 932615.75000
75 932615.75000
76 932615.75000
77 932615.75000
78 932615.75000
79 932615.75000
80 932615.75000
81 932615.75000
82 932615.75000
83 932615.75000
84 932615.75000
85 932615.75000
86 932615.75000
87 932615.75000
88 932615.75000
89 932615.75000
90 932615.75000
91 932615.75000
92 932615.75000
93 932615.75000
94 932615.75000
95 932615.75000
96 932615.75000
97 932615.75000
98 932615.75000
99 932615.75000
100 932615.75000
101 932615.75000
102 932615.75000
103 932615.75000
104 932615.75000
105 932615.75000
106 932615.75000
107 932615.75000
108 932615.75000
109 932615.75000
110 932615.75000
111 932615.75000
112 932615.75000
113 932615.75000
114 932615.75000
115 932615.75000
116 932615.75000
117 932615.75000
118 932615.75000
119 932615.75000
120 932615.75000
121 932615.75000
122 932615.75000
123 932615.75000
124 932615.75000
125 932615.75000
126 932615.75000
127 932615.75000
128 932615.75000
129 932615.75000
130 932615.75000
131 932615.75000
132 932615.75000
133 932615.75000
134 932615.75000
135 932615.75000
136 932615.75000
137 932615.75000
138 932615.75000
139 932615.75000
140 932615.75000
141 932615.75000
142 932615.75000
143 932615.75000
144 932615.75000
145 932615.75000
146 932615.75000
147 932615.75000
148 932615.75000
149 932615.75000
932615.75000 0.73019
2
0 957722.83750
1 957722.83750
2 957722.83750
3 957465.88750
4 950990.40000
5 950662.32500
6 946665.10000
7 946665.10000
8 942449.03750
9 942449.03750
10 942449.03750
11 942449.03750
12 942449.03750
13 942449.03750
14 939174.88750
15 939174.88750
16 939174.88750
17 939174.88750
18 939174.88750
19 939174.88750
20 939174.88750
21 939174.88750
22 939174.88750
23 939174.88750
24 939174.88750
25 939174.88750
26 939174.88750
27 939174.88750
28 939174.88750
29 939174.88750
30 939174.88750
31 939174.88750
32 939174.88750
33 939174.88750
34 939174.88750
35 939174.88750
36 939174.88750
37 939174.88750
38 939174.88750
39 939174.88750
40 939174.88750
41 939174.88750
42 939174.88750
43 939174.88750
44 937899.20000
45 937899.20000
46 937899.20000
47 937899.20000
48 937899.20000
49 937899.20000
50 937899.20000
51 937899.20000
52 935883.12500
53 935883.12500
54 935883.12500
55 935883.12500
56 935883.12500
57 935883.12500
58 934829.45000
59 934829.45000
60 934829.45000
61 934829.45000
62 934829.45000
63 933876.30000
64 933876.30000
65 933876.30000
66 933876.30000
67 933568.90000
68 933568.90000
69 933568.90000
70 933568.90000
71 933568.90000
72 933568.90000
73 933568.90000
74 933568.90000
75 933568.90000
76 933568.90000
77 933568.90000
78 933568.90000
79 933568.90000
80 933568.90000
81 933568.90000
82 933568.90000
83 933568.90000
84 933568.90000
85 933568.90000
86 933568.90000
87 933568.90000
88 933568.90000
89 933568.90000
90 933568.90000
91 933568.90000
92 933568.90000
93 932615.75000
94 932615.75000
95 932615.75000
96 932615.75000
97 932615.75000
98 932615.75000
99 932615.75000
100 932615.75000
101 932615.75000
102 932615.75000
103 932615.75000
104 932615.75000
105 932615.75000
106 932615.75000
107 932615.75000
108 932615.75000
109 932615.75000
110 932615.75000
111 932615.75000
112 932615.75000
113 932615.75000
114 932615.75000
115 932615.75000
116 932615.75000
117 932615.75000
118 932615.75000
119 932615.75000
120 932615.75000
121 932615.75000
122 932615.75000
123 932615.75000
124 932615.75000
125 932615.75000
126 932615.75000
127 932615.75000
128 932615.75000
129 932615.75000
130 932615.75000
131 932615.75000
132 932615.75000
133 932615.75000
134 932615.75000
135 932615.75000
136 932615.75000
137 932615.75000
138 932615.75000
139 932615.75000
140 932615.75000
141 932615.75000
142 932615.75000
143 932615.75000
144 932615.75000
145 932615.75000
146 932615.75000
147 932615.75000
148 932615.75000
149 932615.75000
932615.75000 0.77372
3
0 952182.03750
1 952182.03750
2 952182.03750
3 952182.03750
4 952182.03750
5 952182.03750
6 952182.03750
7 952182.03750
8 948060.05000
9 948060.05000
10 948060.05000
11 948060.05000
12 948060.05000
13 948060.05000
14 948060.05000
15 948060.05000
16 948060.05000
17 948060.05000
18 948060.05000
19 948060.05000
20 948060.05000
21 948060.05000
22 948060.05000
23 943913.12500
24 943913.12500
25 940176.51250
26 940176.51250
27 940176.51250
28 940176.51250
29 940176.51250
30 940176.51250
31 940176.51250
32 940176.51250
33 940176.51250
34 940176.51250
35 940176.51250
36 940176.51250
37 940176.51250
38 940176.51250
39 940176.51250
40 937914.33750
41 937914.33750
42 937914.33750
43 937914.33750
44 937914.33750
45 937914.33750
46 937914.33750
47 937914.33750
48 937914.33750
49 937914.33750
50 937914.33750
51 937914.33750
52 937914.33750
53 937914.33750
54 937914.33750
55 937914.33750
56 936363.20000
57 936363.20000
58 936363.20000
59 936363.20000
60 936363.20000
61 936363.20000
62 936363.20000
63 936363.20000
64 936363.20000
65 936363.20000
66 936363.20000
67 936363.20000
68 936363.20000
69 936363.20000
70 936363.20000
71 936363.20000
72 936363.20000
73 936363.20000
74 936363.20000
75 936363.20000
76 936363.20000
77 936363.20000
78 936363.20000
79 936363.20000
80 936363.20000
81 936363.20000
82 936363.20000
83 936363.20000
84 936363.20000
85 934829.45000
86 934829.45000
87 934829.45000
88 934829.45000
89 932615.75000
90 932615.75000
91 932615.75000
92 932615.75000
93 932615.75000
94 932615.75000
95 932615.75000
96 932615.75000
97 932615.75000
98 932615.75000
99 932615.75000
100 932615.75000
101 932615.75000
102 932615.75000
103 932615.75000
104 932615.75000
105 932615.75000
106 932615.75000
107 932615.75000
108 932615.75000
109 932615.75000
110 932615.75000
111 932615.75000
112 932615.75000
113 932615.75000
114 932615.75000
115 932615.75000
116 932615.75000
117 932615.75000
118 932615.75000
119 932615.75000
120 932615.75000
121 932615.75000
122 932615.75000
123 932615.75000
124 932615.75000
125 932615.75000
126 932615.75000
127 932615.75000
128 932615.75000
129 932615.75000
130 932615.75000
131 932615.75000
132 932615.75000
133 932615.75000
134 932615.75000
135 932615.75000
136 932615.75000
137 932615.75000
138 932615.75000
139 932615.75000
140 932615.75000
141 932615.75000
142 932615.75000
143 932615.75000
144 932615.75000
145 932615.75000
146 932615.75000
147 932615.75000
148 932615.75000
149 932615.75000
932615.75000 0.75245
932615.75000 0.00000 0.75212 0.00000%
