1
0 50776639.30416
1 46672310.39509
2 43412421.60353
3 36661559.88966
4 35625483.47970
5 35625483.47970
6 35625483.47970
7 33007530.61185
8 33007530.61185
9 33007530.61185
10 33007530.61185
11 26982946.30368
12 26982946.30368
13 26982946.30368
14 26982946.30368
15 26982946.30368
16 26982946.30368
17 26982946.30368
18 26982946.30368
19 26982946.30368
20 26982946.30368
21 26982946.30368
22 26225055.20558
23 26225055.20558
24 25722553.66221
25 25462847.22378
26 25462847.22378
27 25442481.13569
28 23620130.39595
29 23620130.39595
30 23620130.39595
31 22139476.39077
32 22139476.39077
33 22139476.39077
34 22139476.39077
35 20981180.33159
36 20981180.33159
37 20981180.33159
38 20981180.33159
39 20981180.33159
40 20981180.33159
41 20981180.33159
42 20981180.33159
43 20981180.33159
44 20870391.98515
45 20870391.98515
46 20870391.98515
47 20870391.98515
48 20870391.98515
49 20870391.98515
50 20870391.98515
51 20870391.98515
52 20870391.98515
53 20870391.98515
54 20870391.98515
55 20870391.98515
56 20788167.13890
57 20788167.13890
58 20734923.51480
59 20734923.51480
60 20734923.51480
61 20137280.15925
62 20137280.15925
63 20137280.15925
64 19798448.73784
65 19798448.73784
66 19798448.73784
67 19709827.36796
68 19709827.36796
69 19709827.36796
70 19709827.36796
71 18576831.63316
72 18576831.63316
73 18576831.63316
74 18576831.63316
75 18576831.63316
76 18576831.63316
77 18576831.63316
78 18576831.63316
79 18576831.63316
80 18576831.63316
81 18576831.63316
82 18576831.63316
83 18576831.63316
84 18576831.63316
85 18576831.63316
86 18576831.63316
87 18576831.63316
88 18576831.63316
89 18576831.63316
90 18576831.63316
91 18576831.63316
92 18576831.63316
93 18576831.63316
94 18576831.63316
95 18576831.63316
96 18576831.63316
97 18576831.63316
98 18514094.55465
99 18514094.55465
100 18514094.55465
101 18514094.55465
102 18514094.55465
103 18514094.55465
104 18487747.76394
105 18487747.76394
106 18487747.76394
107 18487747.76394
108 18487747.76394
109 18487747.76394
110 18487747.76394
111 18487747.76394
112 18487747.76394
113 18487747.76394
114 18487747.76394
115 18487747.76394
116 18487747.76394
117 18487747.76394
118 18487747.76394
119 18487747.76394
120 18487747.76394
121 18206701.16831
122 18206701.16831
123 18206701.16831
124 18206701.16831
125 18206701.16831
126 18206701.16831
127 18206701.16831
128 18206701.16831
129 18206701.16831
130 18206701.16831
131 18206701.16831
132 18206701.16831
133 18206701.16831
134 18206701.16831
135 18206701.16831
136 18206701.16831
137 18206701.16831
138 18189917.37846
139 18189917.37846
140 18189917.37846
141 18189917.37846
142 17770007.63512
143 17770007.63512
144 17770007.63512
145 17664354.00583
146 17664354.00583
147 17664354.00583
148 17664354.00583
149 17664354.00583
150 17664354.00583
151 17664354.00583
152 17664354.00583
153 17664354.00583
154 17664354.00583
155 17664354.00583
156 17664354.00583
157 17664354.00583
158 17664354.00583
159 17664354.00583
160 17664354.00583
161 17664354.00583
162 17156454.47830
163 17156454.47830
164 17156454.47830
165 17156454.47830
166 17156454.47830
167 17156454.47830
168 17156454.47830
169 17156454.47830
170 17156454.47830
171 17156454.47830
172 17156454.47830
173 17156454.47830
174 17156454.47830
175 17156454.47830
176 17156454.47830
177 17156454.47830
178 17156454.47830
179 17156454.47830
180 17156454.47830
181 17156454.47830
182 17156454.47830
183 17156454.47830
184 17156454.47830
185 17156454.47830
186 17156454.47830
187 17156454.47830
188 17156454.47830
189 17156454.47830
190 17156454.47830
191 17156454.47830
192 17156454.47830
193 17156454.47830
194 17156454.47830
195 17156454.47830
196 17156454.47830
197 17156454.47830
198 17156454.47830
199 17156454.47830
17156454.47830 20.14373
2
0 53713786.24756
1 48866804.30703
2 48837806.54161
3 44962625.90094
4 43997928.21481
5 41125915.91230
6 41125915.91230
7 33224770.58171
8 33224770.58171
9 33202417.76181
10 33202417.76181
11 33202417.76181
12 28758455.29130
13 28758455.29130
14 28252490.47592
15 28252490.47592
16 28252490.47592
17 28252490.47592
18 28252490.47592
19 28252490.47592
20 28252490.47592
21 28252490.47592
22 24567240.76025
23 24567240.76025
24 24567240.76025
25 24567240.76025
26 24567240.76025
27 24567240.76025
28 24567240.76025
29 24567240.76025
30 24567240.76025
31 24567240.76025
32 24278881.70724
33 24278881.70724
34 24278881.70724
35 24278881.70724
36 24278881.70724
37 24278881.70724
38 24278881.70724
39 24278881.70724
40 23433467.25773
41 23433467.25773
42 23433467.25773
43 23433467.25773
44 23433467.25773
45 23433467.25773
46 23433467.25773
47 22052606.93574
48 22052606.93574
49 22052606.93574
50 22052606.93574
51 21522879.22968
52 21522879.22968
53 21522879.22968
54 21522879.22968
55 21522879.22968
56 21414244.34285
57 21414244.34285
58 21414244.34285
59 21414244.34285
60 21132155.51613
61 21132155.51613
62 21132155.51613
63 21132155.51613
64 20142588.45078
65 20142588.45078
66 20142588.45078
67 20137552.65612
68 20133409.94631
69 20116436.15154
70 20116436.15154
71 19649916.97495
72 19649916.97495
73 19649916.97495
74 19293821.22574
75 19293821.22574
76 19293821.22574
77 18568958.05063
78 18568958.05063
79 18340666.90297
80 18340666.90297
81 18340666.90297
82 18340666.90297
83 18340666.90297
84 18340666.90297
85 18340666.90297
86 18340666.90297
87 18340666.90297
88 18340666.90297
89 18340666.90297
90 18340666.90297
91 18340666.90297
92 18340666.90297
93 18340666.90297
94 18340666.90297
95 18340666.90297
96 18340666.90297
97 18340666.90297
98 18340666.90297
99 18340666.90297
100 18340666.90297
101 18340666.90297
102 18340666.90297
103 18340666.90297
104 18340666.90297
105 18340666.90297
106 18340666.90297
107 18340666.90297
108 18340666.90297
109 18340666.90297
110 18043802.35877
111 18043802.35877
112 18043802.35877
113 18043802.35877
114 18043802.35877
115 18043802.35877
116 18043802.35877
117 18043802.35877
118 18043802.35877
119 18043802.35877
120 18043802.35877
121 18043802.35877
122 18043802.35877
123 18039262.90879
124 18039262.90879
125 18039262.90879
126 18039262.90879
127 18039262.90879
128 18039262.90879
129 18039262.90879
130 18039262.90879
131 18039262.90879
132 18039262.90879
133 18039262.90879
134 18039262.90879
135 18039262.90879
136 18039262.90879
137 18039262.90879
138 17836157.17774
139 17836157.17774
140 17580326.64825
141 17580326.64825
142 17580326.64825
143 17580326.64825
144 17580326.64825
145 17580326.64825
146 17580326.64825
147 17580326.64825
148 17580326.64825
149 17580326.64825
150 17580326.64825
151 17580326.64825
152 17580326.64825
153 17580326.64825
154 17580326.64825
155 17580326.64825
156 17580326.64825
157 17580326.64825
158 17580326.64825
159 17580326.64825
160 17580326.64825
161 17580326.64825
162 17580326.64825
163 17580326.64825
164 17580326.64825
165 17580326.64825
166 17580326.64825
167 17580326.64825
168 17580326.64825
169 17580326.64825
170 17580326.64825
171 17580326.64825
172 17580326.64825
173 17580326.64825
174 17580326.64825
175 17580326.64825
176 17580326.64825
177 17580326.64825
178 17580326.64825
179 17580326.64825
180 17580326.64825
181 17580326.64825
182 17580326.64825
183 17580326.64825
184 17580326.64825
185 17580326.64825
186 17580326.64825
187 17580326.64825
188 17580326.64825
189 17580326.64825
190 17580326.64825
191 17580326.64825
192 17580326.64825
193 17580326.64825
194 17580326.64825
195 17580326.64825
196 17580326.64825
197 17580326.64825
198 17580326.64825
199 17580326.64825
17580326.64825 20.22991
3
0 51264269.81643
1 47380761.77653
2 42894443.90621
3 39698897.04372
4 39698897.04372
5 36761861.83993
6 36761861.83993
7 34013599.38758
8 34013599.38758
9 34013599.38758
10 34013599.38758
11 33868954.38469
12 33868954.38469
13 29758979.71629
14 29212551.43773
15 29212551.43773
16 27674305.05723
17 27674305.05723
18 27674305.05723
19 27674305.05723
20 27674305.05723
21 27674305.05723
22 25500395.76196
23 25500395.76196
24 25500395.76196
25 25500395.76196
26 22826307.31312
27 22826307.31312
28 22826307.31312
29 22826307.31312
30 22826307.31312
31 22826307.31312
32 22826307.31312
33 22826307.31312
34 22826307.31312
35 22826307.31312
36 22826307.31312
37 22826307.31312
38 22826307.31312
39 22826307.31312
40 22826307.31312
41 22537061.09500
42 22537061.09500
43 22295349.79718
44 22184625.28694
45 22184625.28694
46 22184625.28694
47 22184625.28694
48 22184625.28694
49 22184625.28694
50 22184625.28694
51 19982733.69601
52 19982733.69601
53 19982733.69601
54 19982733.69601
55 19982733.69601
56 19982733.69601
57 19982733.69601
58 19982733.69601
59 19982733.69601
60 19982733.69601
61 19982733.69601
62 19982733.69601
63 19982733.69601
64 19982733.69601
65 19982733.69601
66 19607374.86888
67 18877942.60316
68 18877942.60316
69 18877942.60316
70 18877942.60316
71 18877942.60316
72 18877942.60316
73 18877942.60316
74 18877942.60316
75 18877942.60316
76 18175902.82864
77 18175902.82864
78 18175902.82864
79 18175902.82864
80 18175902.82864
81 18175902.82864
82 18175902.82864
83 18175902.82864
84 18175902.82864
85 18175902.82864
86 18175902.82864
87 18162524.59776
88 18162524.59776
89 18162524.59776
90 18162524.59776
91 18162524.59776
92 18162524.59776
93 18162524.59776
94 18162524.59776
95 18162524.59776
96 18162524.59776
97 18162524.59776
98 18162524.59776
99 18162524.59776
100 18162524.59776
101 18162524.59776
102 18162524.59776
103 18162524.59776
104 18162524.59776
105 18162524.59776
106 18162524.59776
107 18162524.59776
108 18162524.59776
109 18162524.59776
110 18162524.59776
111 18162524.59776
112 18162524.59776
113 18162524.59776
114 18162524.59776
115 18055999.14376
116 18055999.14376
117 18055999.14376
118 18055999.14376
119 18055999.14376
120 18055999.14376
121 18055999.14376
122 18055999.14376
123 18055999.14376
124 18055999.14376
125 18055999.14376
126 18055999.14376
127 18055999.14376
128 18055999.14376
129 18055999.14376
130 18055999.14376
131 18055999.14376
132 18055999.14376
133 18055999.14376
134 18055999.14376
135 18055999.14376
136 18055999.14376
137 18055999.14376
138 18055999.14376
139 18055999.14376
140 18055999.14376
141 18055999.14376
142 18055999.14376
143 18055999.14376
144 18055999.14376
145 18055999.14376
146 18055999.14376
147 18055999.14376
148 18055999.14376
149 18055999.14376
150 17979739.67139
151 17901396.32470
152 17901396.32470
153 17901396.32470
154 17901396.32470
155 17901396.32470
156 17901396.32470
157 17901396.32470
158 17901396.32470
159 17901396.32470
160 17901396.32470
161 17901396.32470
162 17901396.32470
163 17901396.32470
164 17901396.32470
165 17901396.32470
166 17901396.32470
167 17901396.32470
168 17901396.32470
169 17901396.32470
170 17901396.32470
171 17901396.32470
172 17901396.32470
173 17901396.32470
174 17901396.32470
175 17901396.32470
176 17901396.32470
177 17901396.32470
178 17901396.32470
179 17901396.32470
180 17901396.32470
181 17901396.32470
182 17901396.32470
183 17901396.32470
184 17901396.32470
185 17892447.23813
186 17892447.23813
187 17892447.23813
188 17480385.87024
189 17480385.87024
190 17480385.87024
191 17480385.87024
192 17480385.87024
193 17480385.87024
194 17480385.87024
195 17480385.87024
196 17480385.87024
197 17346752.15557
198 17346752.15557
199 17346752.15557
17346752.15557 21.07843
17361177.76071 173345.46947 20.48402 1.19327%
