1
0 24470488.50091
1 23949904.62390
2 19824890.17283
3 19824890.17283
4 19767528.43094
5 19767528.43094
6 19767528.43094
7 19767528.43094
8 19767528.43094
9 17670910.52022
10 17670910.52022
11 17670910.52022
12 17670910.52022
13 17670910.52022
14 17469087.76996
15 17469087.76996
16 17469087.76996
17 17452252.88919
18 17200338.89941
19 17200338.89941
20 17200338.89941
21 17200338.89941
22 17200338.89941
23 17098821.69988
24 16535883.10964
25 16416780.97773
26 16072335.44032
27 16072335.44032
28 16072335.44032
29 16072335.44032
30 16062491.03505
31 15118935.63938
32 15118935.63938
33 15118935.63938
34 15118935.63938
35 15118935.63938
36 15118935.63938
37 15118935.63938
38 15118935.63938
39 15118935.63938
40 15118935.63938
41 15118935.63938
42 15118935.63938
43 15118935.63938
44 15118935.63938
45 15118935.63938
46 15118935.63938
47 15118935.63938
48 15118935.63938
49 15118935.63938
50 15118935.63938
51 14950742.80500
52 14800842.70515
53 14800842.70515
54 14800842.70515
55 14685039.18361
56 14685039.18361
57 14685039.18361
58 14685039.18361
59 14685039.18361
60 14685039.18361
61 14685039.18361
62 14685039.18361
63 14685039.18361
64 14685039.18361
65 14685039.18361
66 14685039.18361
67 14685039.18361
68 14685039.18361
69 14685039.18361
70 14685039.18361
71 14447670.98147
72 14447670.98147
73 14447670.98147
74 14447670.98147
75 14447670.98147
76 14447670.98147
77 14447670.98147
78 14447670.98147
79 14447670.98147
80 14447670.98147
81 14447670.98147
82 14447670.98147
83 14447670.98147
84 14447670.98147
85 14447670.98147
86 14447670.98147
87 14327109.32904
88 14327109.32904
89 14327109.32904
90 14327109.32904
91 14327109.32904
92 14327109.32904
93 14327109.32904
94 14327109.32904
95 14327109.32904
96 14327109.32904
97 14327109.32904
98 14225423.25758
99 14225423.25758
100 14225423.25758
101 14225423.25758
102 14225423.25758
103 14225423.25758
104 14225423.25758
105 14225423.25758
106 14225423.25758
107 14225423.25758
108 14225423.25758
109 14225423.25758
110 14225423.25758
111 14225423.25758
112 14225423.25758
113 14225423.25758
114 14031437.71924
115 14031437.71924
116 14031437.71924
117 14031437.71924
118 14031437.71924
119 14031437.71924
120 14031437.71924
121 14031437.71924
122 14031437.71924
123 14031437.71924
124 14031437.71924
125 14031437.71924
126 14031437.71924
127 13994707.76225
128 13994707.76225
129 13994707.76225
130 13994707.76225
131 13994707.76225
132 13994707.76225
133 13994707.76225
134 13972704.26817
135 13972704.26817
136 13972704.26817
137 13972704.26817
138 13972704.26817
139 13972704.26817
140 13972704.26817
141 13972704.26817
142 13972704.26817
143 13972704.26817
144 13972704.26817
145 13972704.26817
146 13972704.26817
147 13972704.26817
148 13972704.26817
149 13972704.26817
150 13972704.26817
151 13972704.26817
152 13972704.26817
153 13972704.26817
154 13972704.26817
155 13972704.26817
156 13972704.26817
157 13972704.26817
158 13972704.26817
159 13945479.01911
160 13836447.30967
161 13741025.96267
162 13741025.96267
163 13741025.96267
164 13741025.96267
165 13741025.96267
166 13741025.96267
167 13741025.96267
168 13741025.96267
169 13741025.96267
170 13741025.96267
171 13741025.96267
172 13741025.96267
173 13741025.96267
174 13741025.96267
175 13741025.96267
176 13741025.96267
177 13741025.96267
178 13741025.96267
179 13741025.96267
180 13741025.96267
181 13741025.96267
182 13741025.96267
183 13741025.96267
184 13741025.96267
185 13741025.96267
186 13741025.96267
187 13741025.96267
188 13741025.96267
189 13741025.96267
190 13741025.96267
191 13741025.96267
192 13741025.96267
193 13741025.96267
194 13741025.96267
195 13619208.18160
196 13619208.18160
197 13619208.18160
198 13619208.18160
199 13619208.18160
13619208.18160 21.97678
2
0 24620442.58918
1 24620442.58918
2 21590070.60260
3 20069195.62152
4 20069195.62152
5 20069195.62152
6 18989059.61711
7 18989059.61711
8 16682165.97755
9 16682165.97755
10 16682165.97755
11 16682165.97755
12 16682165.97755
13 16682165.97755
14 16682165.97755
15 16682165.97755
16 16682165.97755
17 16682165.97755
18 16682165.97755
19 16682165.97755
20 16682165.97755
21 16682165.97755
22 16536394.53534
23 16338098.15719
24 16338098.15719
25 16192578.23934
26 16192578.23934
27 16004418.44241
28 16004418.44241
29 16004418.44241
30 15491024.58059
31 15491024.58059
32 15491024.58059
33 15491024.58059
34 15491024.58059
35 15491024.58059
36 15421425.10708
37 15421425.10708
38 15421425.10708
39 15421425.10708
40 15421425.10708
41 15421425.10708
42 14507987.30783
43 14507987.30783
44 14507987.30783
45 14507987.30783
46 14507987.30783
47 14507987.30783
48 14507987.30783
49 14507987.30783
50 14507987.30783
51 14507987.30783
52 14507987.30783
53 14507987.30783
54 14507987.30783
55 14507987.30783
56 14507987.30783
57 14507987.30783
58 14507987.30783
59 14507987.30783
60 14507987.30783
61 14457432.19422
62 14457432.19422
63 14457432.19422
64 14457432.19422
65 14457432.19422
66 14457432.19422
67 14457432.19422
68 14457432.19422
69 14457432.19422
70 14457432.19422
71 14457432.19422
72 14457432.19422
73 14457432.19422
74 14457432.19422
75 14457432.19422
76 14457432.19422
77 14457432.19422
78 14457432.19422
79 14457432.19422
80 14419448.36616
81 14419448.36616
82 14419448.36616
83 14419448.36616
84 14419448.36616
85 14263116.57841
86 14263116.57841
87 14263116.57841
88 14263116.57841
89 14263116.57841
90 14263116.57841
91 14263116.57841
92 14263116.57841
93 14262898.52404
94 14262898.52404
95 14262898.52404
96 14262898.52404
97 14262898.52404
98 14262898.52404
99 14262898.52404
100 14262898.52404
101 14262898.52404
102 14262898.52404
103 14262898.52404
104 14262898.52404
105 14262898.52404
106 14262898.52404
107 14262898.52404
108 13964595.68075
109 13964595.68075
110 13964595.68075
111 13964595.68075
112 13927494.29126
113 13927494.29126
114 13927494.29126
115 13927494.29126
116 13927494.29126
117 13927494.29126
118 13927494.29126
119 13927494.29126
120 13927494.29126
121 13927494.29126
122 13927494.29126
123 13927494.29126
124 13927494.29126
125 13927494.29126
126 13927494.29126
127 13927494.29126
128 13927494.29126
129 13799564.69069
130 13799564.69069
131 13799564.69069
132 13799564.69069
133 13799564.69069
134 13799564.69069
135 13799564.69069
136 13799564.69069
137 13799564.69069
138 13799564.69069
139 13799564.69069
140 13799564.69069
141 13799564.69069
142 13799564.69069
143 13799564.69069
144 13799564.69069
145 13799564.69069
146 13799564.69069
147 13799564.69069
148 13799564.69069
149 13799564.69069
150 13799564.69069
151 13799564.69069
152 13799564.69069
153 13799564.69069
154 13799564.69069
155 13799564.69069
156 13799564.69069
157 13799564.69069
158 13799564.69069
159 13799564.69069
160 13799564.69069
161 13799564.69069
162 13799564.69069
163 13799564.69069
164 13799564.69069
165 13799564.69069
166 13799564.69069
167 13799564.69069
168 13799564.69069
169 13799564.69069
170 13799564.69069
171 13799564.69069
172 13799564.69069
173 13799564.69069
174 13799564.69069
175 13799564.69069
176 13799564.69069
177 13799564.69069
178 13799564.69069
179 13799564.69069
180 13799564.69069
181 13799564.69069
182 13799564.69069
183 13799564.69069
184 13799564.69069
185 13799564.69069
186 13799564.69069
187 13680679.13287
188 13680679.13287
189 13680679.13287
190 13680679.13287
191 13680679.13287
192 13680679.13287
193 13680679.13287
194 13680679.13287
195 13680679.13287
196 13680679.13287
197 13680679.13287
198 13680679.13287
199 13680679.13287
13680679.13287 25.56037
3
0 23220728.45389
1 22151692.87686
2 18966125.78195
3 18966125.78195
4 18966125.78195
5 18966125.78195
6 18966125.78195
7 18924229.66872
8 18924229.66872
9 18924229.66872
10 18111166.93748
11 16627069.28275
12 16627069.28275
13 16627069.28275
14 16133296.71262
15 16133296.71262
16 16133296.71262
17 16133296.71262
18 16133296.71262
19 16133296.71262
20 16133296.71262
21 16133296.71262
22 16133296.71262
23 16133296.71262
24 16133296.71262
25 16133296.71262
26 16133296.71262
27 16133296.71262
28 16133296.71262
29 15952857.17261
30 15952857.17261
31 15614658.16400
32 15614658.16400
33 15614658.16400
34 15614658.16400
35 15614658.16400
36 15614658.16400
37 15614658.16400
38 15614658.16400
39 15285340.03234
40 15285340.03234
41 15285340.03234
42 15285340.03234
43 15285340.03234
44 15285340.03234
45 15285340.03234
46 15285340.03234
47 15285340.03234
48 15285340.03234
49 15285340.03234
50 15285340.03234
51 15009916.05152
52 15009916.05152
53 15009916.05152
54 15009916.05152
55 15009916.05152
56 14993563.92227
57 14993563.92227
58 14993563.92227
59 14864429.11025
60 14864429.11025
61 14864429.11025
62 14864429.11025
63 14797460.12516
64 14797460.12516
65 14797460.12516
66 14797460.12516
67 14797460.12516
68 14797460.12516
69 14797460.12516
70 14797460.12516
71 14797460.12516
72 14797460.12516
73 14797460.12516
74 14797460.12516
75 14797460.12516
76 14797460.12516
77 14797460.12516
78 14614099.72122
79 14614099.72122
80 14614099.72122
81 14614099.72122
82 14444868.52450
83 14444868.52450
84 14444868.52450
85 14444868.52450
86 14230586.25429
87 14230586.25429
88 14230586.25429
89 14155146.80421
90 14155146.80421
91 14155146.80421
92 14155146.80421
93 14155146.80421
94 14155146.80421
95 14155146.80421
96 14155146.80421
97 14155146.80421
98 14155146.80421
99 14155146.80421
100 14155146.80421
101 14155146.80421
102 14155146.80421
103 14155146.80421
104 14155146.80421
105 14155146.80421
106 14155146.80421
107 14155146.80421
108 14155146.80421
109 14155146.80421
110 14155146.80421
111 14155146.80421
112 14155146.80421
113 14155146.80421
114 14155146.80421
115 14155146.80421
116 14155146.80421
117 14155146.80421
118 14155146.80421
119 14155146.80421
120 13814347.71324
121 13814347.71324
122 13814347.71324
123 13814347.71324
124 13814347.71324
125 13814347.71324
126 13814347.71324
127 13814347.71324
128 13814347.71324
129 13814347.71324
130 13814347.71324
131 13814347.71324
132 13814347.71324
133 13814347.71324
134 13814347.71324
135 13814347.71324
136 13814347.71324
137 13688762.48876
138 13688762.48876
139 13688762.48876
140 13688762.48876
141 13688762.48876
142 13688762.48876
143 13688762.48876
144 13688762.48876
145 13688762.48876
146 13688762.48876
147 13688762.48876
148 13688762.48876
149 13688762.48876
150 13688762.48876
151 13688762.48876
152 13688762.48876
153 13688762.48876
154 13688762.48876
155 13688762.48876
156 13688762.48876
157 13688762.48876
158 13688762.48876
159 13688762.48876
160 13688762.48876
161 13688762.48876
162 13688762.48876
163 13688762.48876
164 13688762.48876
165 13688762.48876
166 13688762.48876
167 13688762.48876
168 13688762.48876
169 13688762.48876
170 13688762.48876
171 13688762.48876
172 13688762.48876
173 13688762.48876
174 13688762.48876
175 13688762.48876
176 13688762.48876
177 13688762.48876
178 13688762.48876
179 13688762.48876
180 13688762.48876
181 13688762.48876
182 13688762.48876
183 13688762.48876
184 13688762.48876
185 13688762.48876
186 13688762.48876
187 13688762.48876
188 13688762.48876
189 13688762.48876
190 13688762.48876
191 13688762.48876
192 13688762.48876
193 13688762.48876
194 13688762.48876
195 13688762.48876
196 13688762.48876
197 13688762.48876
198 13688762.48876
199 13688762.48876
13688762.48876 25.35712
13662883.26774 31058.76176 24.29809 5.26857%
