1
0 19103806.39882
1 17163664.25445
2 17163664.25445
3 16268891.51779
4 16268891.51779
5 16268891.51779
6 16121692.29489
7 16121692.29489
8 15131461.42966
9 15131461.42966
10 15131461.42966
11 15131461.42966
12 15069190.82141
13 14588101.74016
14 14588101.74016
15 13848503.10799
16 13848503.10799
17 13848503.10799
18 13848503.10799
19 13848503.10799
20 13848503.10799
21 13752572.34250
22 13752572.34250
23 13752572.34250
24 13752572.34250
25 13752572.34250
26 13752572.34250
27 13752572.34250
28 12877554.45980
29 12877554.45980
30 12877554.45980
31 12877554.45980
32 12877554.45980
33 12877554.45980
34 12877554.45980
35 12877554.45980
36 12877554.45980
37 12877554.45980
38 12877554.45980
39 12877554.45980
40 12877554.45980
41 12877554.45980
42 12877554.45980
43 12877554.45980
44 12601835.84065
45 12601835.84065
46 12601835.84065
47 12601835.84065
48 12601835.84065
49 12601835.84065
50 12601835.84065
51 12601835.84065
52 12601835.84065
53 12601835.84065
54 12601835.84065
55 12601835.84065
56 12601835.84065
57 12601835.84065
58 12601835.84065
59 12601835.84065
60 12601835.84065
61 12601835.84065
62 12601835.84065
63 12601835.84065
64 12601835.84065
65 12601835.84065
66 12601835.84065
67 12601835.84065
68 12584861.62065
69 12584861.62065
70 12584861.62065
71 12584861.62065
72 12584861.62065
73 12584861.62065
74 12584861.62065
75 12570631.92467
76 12570631.92467
77 12570631.92467
78 12570631.92467
79 12570631.92467
80 12570631.92467
81 12570631.92467
82 12570631.92467
83 12570631.92467
84 12570631.92467
85 12570631.92467
86 12570631.92467
87 12570631.92467
88 12570631.92467
89 12570631.92467
90 12285963.57358
91 12285963.57358
92 12285963.57358
93 12285963.57358
94 12285963.57358
95 12285963.57358
96 12285963.57358
97 12285963.57358
98 12285963.57358
99 12285963.57358
100 12285963.57358
101 12285963.57358
102 12086565.11807
103 12086565.11807
104 12086565.11807
105 12086565.11807
106 12086565.11807
107 12086565.11807
108 12086565.11807
109 12086565.11807
110 12086565.11807
111 12086565.11807
112 12086565.11807
113 12086565.11807
114 12086565.11807
115 12086565.11807
116 12086565.11807
117 12086565.11807
118 12086565.11807
119 12086565.11807
120 12086565.11807
121 12086565.11807
122 12086565.11807
123 12086565.11807
124 12086565.11807
125 12086565.11807
126 12086565.11807
127 12086565.11807
128 12086565.11807
129 12086565.11807
130 12086565.11807
131 12086565.11807
132 12086565.11807
133 12086565.11807
134 12086565.11807
135 12086565.11807
136 12086565.11807
137 12086565.11807
138 12086565.11807
139 12086565.11807
140 12086565.11807
141 12086565.11807
142 12086565.11807
143 12086565.11807
144 12086565.11807
145 12086565.11807
146 12086565.11807
147 12086565.11807
148 12086565.11807
149 12086565.11807
150 12086565.11807
151 12086565.11807
152 12086565.11807
153 12086565.11807
154 12086565.11807
155 12086565.11807
156 12086565.11807
157 12086565.11807
158 12086565.11807
159 12086565.11807
160 12086565.11807
161 12086565.11807
162 12086565.11807
163 12086565.11807
164 12086565.11807
165 12086565.11807
166 12086565.11807
167 12086565.11807
168 12086565.11807
169 12086565.11807
170 12086565.11807
171 12086565.11807
172 12086565.11807
173 12086565.11807
174 12086565.11807
175 12086565.11807
176 12086565.11807
177 12086565.11807
178 12086565.11807
179 12086565.11807
180 12086565.11807
181 12086565.11807
182 12086565.11807
183 12086565.11807
184 12086565.11807
185 12086565.11807
186 11998007.04141
187 11998007.04141
188 11998007.04141
189 11998007.04141
190 11998007.04141
191 11998007.04141
192 11998007.04141
193 11998007.04141
194 11998007.04141
195 11998007.04141
196 11998007.04141
197 11998007.04141
198 11998007.04141
199 11998007.04141
11998007.04141 26.34171
2
0 19278096.05477
1 17533832.65798
2 16433481.66237
3 16433481.66237
4 16253491.77511
5 16191874.18352
6 15932773.21704
7 15642174.81507
8 15642174.81507
9 14852976.63473
10 14852976.63473
11 14852976.63473
12 14852976.63473
13 14070771.57281
14 14070771.57281
15 14070771.57281
16 14070771.57281
17 14070771.57281
18 14070771.57281
19 14070771.57281
20 14070771.57281
21 14070771.57281
22 14070771.57281
23 14070771.57281
24 14070771.57281
25 14070771.57281
26 14070771.57281
27 14070771.57281
28 14070771.57281
29 13729320.36124
30 13729320.36124
31 13729320.36124
32 13704067.72074
33 13125336.05692
34 13125336.05692
35 13125336.05692
36 13125336.05692
37 13125336.05692
38 13125336.05692
39 13125336.05692
40 13125336.05692
41 13125336.05692
42 13125336.05692
43 13125336.05692
44 13125336.05692
45 13125336.05692
46 13125336.05692
47 13125336.05692
48 13125336.05692
49 13125336.05692
50 12991995.86279
51 12991995.86279
52 12991995.86279
53 12991995.86279
54 12950603.34906
55 12950603.34906
56 12950603.34906
57 12950603.34906
58 12950603.34906
59 12950603.34906
60 12950603.34906
61 12950603.34906
62 12950603.34906
63 12950603.34906
64 12934779.68406
65 12934779.68406
66 12934779.68406
67 12934779.68406
68 12934779.68406
69 12848240.83435
70 12848240.83435
71 12675881.31615
72 12675881.31615
73 12675881.31615
74 12675881.31615
75 12675881.31615
76 12675881.31615
77 12675881.31615
78 12675881.31615
79 12675881.31615
80 12675881.31615
81 12675881.31615
82 12675881.31615
83 12399266.72167
84 12399266.72167
85 12399266.72167
86 12399266.72167
87 12399266.72167
88 12399266.72167
89 12399266.72167
90 12399266.72167
91 12399266.72167
92 12399266.72167
93 12399266.72167
94 12399266.72167
95 12399266.72167
96 12399266.72167
97 12399266.72167
98 12399266.72167
99 12399266.72167
100 12399266.72167
101 12399266.72167
102 12399266.72167
103 12399266.72167
104 12399266.72167
105 12399266.72167
106 12399266.72167
107 12399266.72167
108 12399266.72167
109 12399266.72167
110 12399266.72167
111 12399266.72167
112 12399266.72167
113 12399266.72167
114 12399266.72167
115 12399266.72167
116 12399266.72167
117 12399266.72167
118 12399266.72167
119 12399266.72167
120 12399266.72167
121 12399266.72167
122 12399266.72167
123 12399266.72167
124 12399266.72167
125 12399266.72167
126 12273658.24201
127 12273658.24201
128 12273658.24201
129 12273658.24201
130 12273658.24201
131 12273658.24201
132 12273658.24201
133 12273658.24201
134 12273658.24201
135 12273658.24201
136 12273658.24201
137 12273658.24201
138 12273658.24201
139 12273658.24201
140 12273658.24201
141 12273658.24201
142 12273658.24201
143 12273658.24201
144 12273658.24201
145 12273658.24201
146 12249301.97194
147 12249301.97194
148 12249301.97194
149 12249301.97194
150 12249301.97194
151 12249301.97194
152 12249301.97194
153 12249301.97194
154 12249301.97194
155 12249301.97194
156 12249301.97194
157 12249301.97194
158 12249301.97194
159 12249301.97194
160 12249301.97194
161 12249301.97194
162 12249301.97194
163 12249301.97194
164 12249301.97194
165 12249301.97194
166 12139879.84001
167 12139879.84001
168 12139879.84001
169 12139879.84001
170 12139879.84001
171 12139879.84001
172 12139879.84001
173 12139879.84001
174 12139879.84001
175 12139879.84001
176 12139879.84001
177 12139879.84001
178 12139879.84001
179 12139879.84001
180 12139879.84001
181 12139879.84001
182 12139879.84001
183 12139879.84001
184 12139879.84001
185 12139879.84001
186 12139879.84001
187 12139879.84001
188 12139879.84001
189 12139879.84001
190 12139879.84001
191 12139879.84001
192 12139879.84001
193 12082766.12570
194 12082766.12570
195 12082766.12570
196 12082766.12570
197 12082766.12570
198 12082766.12570
199 12082766.12570
12082766.12570 24.57463
3
0 19500565.83697
1 17455718.85835
2 16926489.13293
3 16926489.13293
4 15669027.88573
5 15669027.88573
6 15669027.88573
7 15669027.88573
8 15135718.65578
9 15135718.65578
10 15135718.65578
11 15135718.65578
12 15078872.52680
13 14813962.20156
14 14813962.20156
15 14813962.20156
16 14542001.57104
17 14542001.57104
18 14337744.30243
19 14337744.30243
20 14337744.30243
21 13745479.01417
22 13745479.01417
23 13735046.92308
24 13735046.92308
25 13735046.92308
26 13735046.92308
27 13193002.81856
28 13193002.81856
29 13193002.81856
30 13193002.81856
31 13193002.81856
32 13193002.81856
33 13193002.81856
34 13193002.81856
35 12935447.73771
36 12935447.73771
37 12935447.73771
38 12935447.73771
39 12935447.73771
40 12935447.73771
41 12935447.73771
42 12935447.73771
43 12935447.73771
44 12833891.69133
45 12833891.69133
46 12833891.69133
47 12833891.69133
48 12833891.69133
49 12833891.69133
50 12833891.69133
51 12833891.69133
52 12833891.69133
53 12833891.69133
54 12833891.69133
55 12833891.69133
56 12814551.46948
57 12814551.46948
58 12814551.46948
59 12705884.36896
60 12705884.36896
61 12705884.36896
62 12705884.36896
63 12668766.11834
64 12668766.11834
65 12668766.11834
66 12668766.11834
67 12668766.11834
68 12668766.11834
69 12668766.11834
70 12668766.11834
71 12668766.11834
72 12668766.11834
73 12668766.11834
74 12668766.11834
75 12668766.11834
76 12668766.11834
77 12668766.11834
78 12668766.11834
79 12668766.11834
80 12668766.11834
81 12668766.11834
82 12668766.11834
83 12668766.11834
84 12668766.11834
85 12668766.11834
86 12548760.76440
87 12548760.76440
88 12548760.76440
89 12548760.76440
90 12548760.76440
91 12548760.76440
92 12524990.01804
93 12361233.16343
94 12361233.16343
95 12361233.16343
96 12361233.16343
97 12361233.16343
98 12361233.16343
99 12361233.16343
100 12361233.16343
101 12361233.16343
102 12361233.16343
103 12361233.16343
104 12361233.16343
105 12361233.16343
106 12361233.16343
107 12361233.16343
108 12361233.16343
109 12361233.16343
110 12361233.16343
111 12361233.16343
112 12361233.16343
113 12361233.16343
114 12361233.16343
115 12361233.16343
116 12361233.16343
117 12361233.16343
118 12361233.16343
119 12361233.16343
120 12361233.16343
121 12224440.87376
122 12224440.87376
123 12224440.87376
124 12224440.87376
125 12224440.87376
126 12224440.87376
127 12224440.87376
128 12224440.87376
129 12224440.87376
130 12224440.87376
131 12224440.87376
132 12224440.87376
133 12224440.87376
134 12224440.87376
135 12224440.87376
136 12224440.87376
137 12224440.87376
138 12224440.87376
139 12224440.87376
140 12224440.87376
141 12224440.87376
142 12224440.87376
143 12224440.87376
144 12224440.87376
145 12224440.87376
146 12224440.87376
147 12224440.87376
148 12224440.87376
149 12224440.87376
150 12224440.87376
151 12224440.87376
152 12224440.87376
153 12224440.87376
154 12224440.87376
155 12224440.87376
156 12224440.87376
157 12224440.87376
158 12224440.87376
159 12224440.87376
160 12224440.87376
161 12224440.87376
162 12224440.87376
163 12224440.87376
164 12224440.87376
165 12224440.87376
166 12224440.87376
167 12224440.87376
168 12224440.87376
169 12224440.87376
170 12224440.87376
171 12224440.87376
172 12224440.87376
173 12224440.87376
174 12224440.87376
175 12203285.22586
176 12203285.22586
177 12122402.30424
178 12122402.30424
179 12122402.30424
180 12122402.30424
181 12122402.30424
182 12122402.30424
183 12122402.30424
184 12122402.30424
185 12122402.30424
186 12122402.30424
187 12122402.30424
188 12122402.30424
189 12122402.30424
190 12122402.30424
191 12122402.30424
192 12122402.30424
193 12122402.30424
194 12122402.30424
195 12122402.30424
196 12122402.30424
197 12122402.30424
198 12122402.30424
199 12122402.30424
12122402.30424 26.13238
12067725.15712 51885.89022 25.68291 4.88572%
